id,name,host_id,host_name,neighbourhood_group,neighbourhood,latitude,longitude,room_type,price,minimum_nights,number_of_reviews,last_review,reviews_per_month,calculated_host_listings_count,availability_365
20355158,Perfectly located next to Golden Gate Park,2073770,Brian,,Inner Richmond,37.77474665,-122.4738483,Private room,120,2,18,3/24/2018,2.45,1,44
22729976,Attic master suite,4669150,Kathryn,,Inner Sunset,37.7609932,-122.4614165,Private room,120,3,0,,,1,0
19194530,Private garden studio with kitchenette & bathroom,4203610,Ben,,Bayview,37.71887633,-122.3891499,Private room,71,2,39,3/29/2018,3.89,2,34
21731528,Room #A: spacious room in a convenient location,156102468,Nanthana,,Outer Mission,37.72623635,-122.4343527,Private room,150,2,1,3/23/2018,1,2,78
22108513,3BR Family Home - Golden Gate Park & Restaurants,94057535,Josh,,Inner Richmond,37.77847938,-122.4635512,Entire home/apt,339,3,22,4/4/2018,5.41,1,67
11418326,"Sunny, spacious single-family home",36473294,Krista,,Inner Richmond,37.77863791,-122.4655472,Entire home/apt,225,4,8,10/11/2016,0.39,1,0
17438541,Charming 2 bedroom flat with free parking,77807259,Guanying,,Outer Sunset,37.75406474,-122.4860963,Entire home/apt,209,2,58,4/4/2018,5.19,3,55
15010218,Glen Park Bedroom + Neighborhood Parking,90541912,Rob,,Glen Park,37.73365785,-122.4334555,Private room,100,4,97,3/4/2018,5.15,4,111
22250457,Spacious living with a huge garden in Noe Valley,17506355,Won Chan (원찬),,Noe Valley,37.74765952,-122.4326927,Private room,89,3,1,12/27/2017,0.29,3,0
3522990,Gorgeous House with Big Garden in Sunny Potrero,17742173,Nicola,,Potrero Hill,37.75465621,-122.4017312,Entire home/apt,300,7,8,3/12/2018,0.24,1,19
15126863,Entire Home,14766201,Tom,,Diamond Heights,37.74531235,-122.4434383,Entire home/apt,225,7,6,1/3/2018,0.34,2,63
8171889,Amazing Classic 1800's Mansion,4152894,Gena And,,Haight Ashbury,37.77036714,-122.4413513,Private room,225,3,7,10/9/2016,0.23,2,3
6072767,Beautiful in-law with ocean views,31521801,Kat,,Inner Sunset,37.7531575,-122.470529,Entire home/apt,200,2,47,3/24/2018,1.47,1,318
8192881,Modern guest suite with panoramic city views,6387932,Meryl,,Haight Ashbury,37.76922397,-122.4469821,Entire home/apt,150,2,159,4/4/2018,5.13,1,21
905902,Elegant Family Flat on GG Park,1540675,Elizabeth,,Golden Gate Park,37.76568987,-122.4826386,Entire home/apt,168,7,51,3/24/2018,0.84,1,68
6145605,Cute studio with parking! View! Safe Neighborhood,1196837,Heather,,Visitacion Valley,37.71389208,-122.3980894,Entire home/apt,150,2,59,3/24/2018,1.64,2,153
17444964,Experience Noe Valley from Stylish and Private House,34675376,Karen,,Noe Valley,37.75254343,-122.4417405,Entire home/apt,285,2,18,3/21/2018,2.33,1,32
1672896,"Sunny View Home, Garden & Garage",5026307,Holly,,Excelsior,37.72662054,-122.4193382,Entire home/apt,378,2,70,3/20/2018,1.9,1,248
15920878,Great Cozy Home in Sunset District,103297299,Steven,,Parkside,37.74344221,-122.4842271,Entire home/apt,135,1,48,2/23/2018,2.82,1,70
13275460,Victorian House in sunny Noe Valley  w/ garden,5284347,Vanessa,,Noe Valley,37.7460179,-122.4297952,Entire home/apt,350,3,3,7/27/2017,0.14,1,0
1456153,The French Victorian-Views & Deck,2059233,"Wendy, Fred & Lita",,Bernal Heights,37.7450407,-122.4061406,Entire home/apt,259,6,44,12/31/2017,0.85,2,22
675360,Rooms in Central+Spacious Flat,946616,Alex,,Inner Richmond,37.78307128,-122.4607461,Private room,150,2,6,4/8/2016,0.09,2,91
7369846,2BD/2BA  charming house for 5 w/ yard -heart of SF,16347616,Barri,,Noe Valley,37.75192698,-122.4365636,Entire home/apt,455,3,79,2/28/2018,2.42,1,306
2063077,Family-friendly BART-able Glen Park Home,9797614,Casey,,Outer Mission,37.73230684,-122.4350936,Entire home/apt,195,5,17,1/2/2018,0.33,2,44
10767861,HEART of San Francisco!,9252314,Vishal,,Downtown/Civic Center,37.77430721,-122.4216931,Private room,115,1,101,3/29/2018,3.84,1,319
13201652,Beautiful Noe Valley Victorian 4 Bedrooms,18151037,Valerie,,Noe Valley,37.75145702,-122.4373824,Entire home/apt,475,3,12,3/24/2018,0.69,9,215
6290098,Apt. in ex-b&b in the ❤️ of S.F.,23942099,Robert Stern &,,Haight Ashbury,37.76219111,-122.4483494,Entire home/apt,300,2,36,3/15/2018,1.02,5,351
10941385,Jr One bedroom One bath - Location,56731145,Nolan,,Western Addition,37.78643862,-122.4429806,Entire home/apt,375,2,18,2/28/2018,0.69,1,360
23271772,Stratford Hotel Room Queen,173206762,Stratford,,Downtown/Civic Center,37.78584932,-122.4076964,Private room,79,1,2,3/13/2018,1.67,63,3
18431597,"Sunny, eclectic Haight-Ashbury home",12217784,Sara,,Haight Ashbury,37.77109492,-122.4440396,Entire home/apt,450,2,5,4/1/2018,2.17,1,47
23981385,Upper Nob Hill Downtown Business Travel Apartment,118117943,Chitra,,Chinatown,37.79113509,-122.4079581,Entire home/apt,300,5,0,,,1,67
11534385,Roomy Family-Friendly Garden Studio,45249066,Sara,,Marina,37.79778536,-122.4257772,Entire home/apt,140,3,30,3/23/2018,1.24,2,140
1530745,Great 1BD w/ Private Roof Deck  ,5577045,Kathy,,Nob Hill,37.7958851,-122.4114515,Entire home/apt,300,3,24,10/20/2016,0.48,1,91
19332338,Prime Location Large Flat 5 bed / 3 bath,75323230,Joe,,Nob Hill,37.79146011,-122.416999,Entire home/apt,495,2,45,4/2/2018,4.93,2,95
23634434,Stratford Hotel Twin/Twin,173206762,Stratford,,Downtown/Civic Center,37.78640882,-122.4070819,Private room,75,1,0,,,63,7
23699151,STUDIO AT DONATELLO HOTEL UNION SQUARE - SLEEPS 4,64646820,Michelle,,Downtown/Civic Center,37.78873481,-122.4099773,Private room,199,1,0,,,13,48
14008953,"3BD Edwardian Home + Modern Luxury, Dolores Park",1374982,Jeff,,Castro/Upper Market,37.75934448,-122.4262677,Entire home/apt,365,4,3,10/15/2017,0.15,1,7
19828648,Cozy room with bus to downtown & airport,66385869,Bobby,,Outer Mission,37.72643787,-122.441995,Private room,78,1,7,10/26/2017,0.86,5,176
9438353,"Home away from home. Light, views.",2501567,Bret & Marie,,Ocean View,37.71838596,-122.4523221,Entire home/apt,115,1,31,2/12/2018,1.31,2,14
1504826,"BRIGHT SPACIOUS 4 BR, Huge Yard, Parking!",6017407,Ethan,,Outer Mission,37.72447083,-122.4416177,Entire home/apt,350,6,18,3/30/2018,0.35,1,45
16868984,Mission Apprentice Artist 1 Bedroom,112412497,Mary,,Bernal Heights,37.74189143,-122.4212389,Private room,124,30,4,3/13/2017,0.29,1,87
23045311,Amazing Victorian in Incredible Location,4946282,Josh,,Western Addition,37.77624966,-122.428457,Entire home/apt,149,1,0,,,1,0
23271975,Stratford Hotel Room Queen,173206762,Stratford,,Downtown/Civic Center,37.7874138,-122.4087803,Private room,79,1,3,3/11/2018,3,63,0
19611671,Renovated 3 bedroom unit w/ sauna in central area,137916556,Ilona,,Presidio Heights,37.7832308,-122.449888,Entire home/apt,185,31,9,11/12/2017,1.1,1,0
19196925,Moscone Conference Suite - 2 Bedrooms 2 Bathrooms,3428976,John,,South of Market,37.77898395,-122.4034686,Entire home/apt,347,30,8,12/31/2017,0.94,1,140
23551086,Stratford Hotel Room Full,173206762,Stratford,,Downtown/Civic Center,37.78667514,-122.4067897,Private room,69,1,1,3/15/2018,1,63,3
19416317,Spacious bedroom centrally located in Russian Hill,53785259,Sf,,Russian Hill,37.79662995,-122.4180921,Private room,149,30,6,10/1/2017,0.67,1,0
19286324,San Francisco Nob Hill flat with Secret Garden,135059507,Ross,,Nob Hill,37.7920047,-122.412756,Entire home/apt,450,30,16,2/10/2018,1.7,1,343
19576132,Charming Apartment with Perfect Location! Parking!,70491455,Marissa,,Castro/Upper Market,37.76479188,-122.426711,Entire home/apt,128,30,38,3/1/2018,4.21,1,9
19182186,Classic Castro Victorian 5BDR Charmer,134170466,Matt,,Castro/Upper Market,37.76888247,-122.432797,Entire home/apt,599,30,34,12/29/2017,3.54,1,6
18475146,big room in san francisco,128144143,Aleksejs,,Inner Richmond,37.77849945,-122.4687726,Private room,60,31,0,,,1,0
18151860,Affordable Crash Pad,123914250,Susan,,Chinatown,37.79571343,-122.405921,Shared room,28,999,0,,,1,0
16027559,Modern Spacious Full Floor Flat in Russian Hill,1429422,Jeeun,,Russian Hill,37.79680802,-122.4216331,Entire home/apt,295,30,10,2/4/2018,0.92,1,173
15722690,NEW Attic Studio - Vaulted Ceiling,10829039,Viviane&Lele,,Inner Richmond,37.77600568,-122.4642277,Private room,200,30,12,10/13/2017,0.81,6,363
15773850,"Spacious and Bright, Laundry & Garage included",101986074,Margarita,,Bernal Heights,37.74763242,-122.4085484,Entire home/apt,225,30,9,11/9/2017,0.53,2,138
15843007,Private Cozy Apartment in Little Hollywood,9270394,Wilson,,Visitacion Valley,37.71294424,-122.3988724,Entire home/apt,82,30,64,3/21/2018,3.83,1,20
15591362,Stylish Garden Sanctuary in Sunny Potrero Hill,7058705,Kris,,Potrero Hill,37.75636644,-122.4022954,Entire home/apt,149,30,35,1/20/2018,2.18,1,206
15904098,"316 - Private Room, Clean and New!",93714995,325,,Financial District,37.78858826,-122.4052771,Private room,59,32,20,3/1/2018,1.23,13,90
20439522,Studio in Central SF,145865371,Vinayak,,Western Addition,37.78564387,-122.4222617,Entire home/apt,120,30,5,10/7/2017,0.67,1,90
20194233,NEW stunning spacious apt with sweeping views,759605,Cathy,,Noe Valley,37.75567055,-122.4339423,Entire home/apt,233,28,10,2/2/2018,1.43,1,234
20033761,Cozy SF Home,17054038,Stefan,,Bayview,37.7322081,-122.393967,Entire home/apt,149,31,4,1/2/2018,0.82,2,94
19905527,THE RETREAT :  SF  Dream Golden Gate & City Views!,28223109,Jennifer Carolyn,,Seacliff,37.78623451,-122.4934172,Entire home/apt,10000,30,10,12/16/2017,1.4,3,365
20422326,Beautiful Modern Apartment in Convenient Location,143799785,David,,Russian Hill,37.79945065,-122.4110138,Private room,400,30,10,11/10/2017,1.53,1,177
15471316,Classic SF Mission Victorian Bedroom - BIG & Sunny,2001297,Urs,,Mission,37.75899436,-122.4075427,Private room,80,31,2,1/1/2017,0.12,6,255
15409616,Exquisitely Decorated Edwardian in Pacific Heights,98671264,James,,Pacific Heights,37.79637043,-122.4313752,Entire home/apt,800,2,8,3/11/2018,0.92,1,23
15313698,Sea Cliff Apartments: Private Garden One Bedroom,87471225,Anya,,Outer Richmond,37.78483804,-122.479729,Entire home/apt,115,31,1,3/9/2017,0.06,2,310
15258987,Ocean Breeze and Sunset View by the Beach,29248670,Marilou,,Parkside,37.7442087,-122.5055528,Private room,135,31,5,8/20/2017,0.28,3,365
15208293,Gracious Home Nestled In Prestigious Forest Hills,79406824,Gregg A.,,West of Twin Peaks,37.74260179,-122.4593601,Entire home/apt,280,30,1,10/28/2016,0.06,2,88
15339049,Stroll to Golden Gate Park from a Modern Oasis,28407268,Rosellen,,Haight Ashbury,37.77182473,-122.4391468,Entire home/apt,350,30,33,3/26/2018,1.85,1,130
9586933,#202a - Amazing room in Startup House,10624127,Bed|N|Build,,Noe Valley,37.75256736,-122.4296462,Shared room,59,30,5,2/5/2018,0.19,3,230
15086385,Resplendent Russian Hill Studio w/ Parking,15103537,Mary,,Russian Hill,37.80440227,-122.4231348,Entire home/apt,250,30,36,1/31/2018,1.98,1,264
9433478,Lovely Modern 2 Bedroom-Location!,48895257,Rad,,Nob Hill,37.7942845,-122.413363,Entire home/apt,175,30,2,9/30/2017,0.07,1,365
9231212,"Lovely, Sunny Studio in Nob Hill",1510178,Gina,,Nob Hill,37.79149794,-122.4149906,Entire home/apt,110,85,4,1/5/2016,0.14,1,41
14845574,Cole Valley Jewel 1 BR,92916855,Patricia,,Inner Sunset,37.76585893,-122.454081,Entire home/apt,130,30,32,7/15/2017,1.68,1,301
8758259,Sunny Bedroom-Large Victorian Flat,45925535,Lana,,Nob Hill,37.79147977,-122.4147937,Private room,129,30,34,3/27/2018,1.12,1,261
22435235,Castro 4bd/2ba flat all yours,102598592,Luke,,Castro/Upper Market,37.76560183,-122.4338629,Entire home/apt,485,30,0,,,1,147
22356192,Beautiful Victorian,124883713,Enzo&Nika,,Russian Hill,37.79646328,-122.422432,Private room,165,28,14,3/18/2018,4.38,1,40
21267701,"Centrally Located Victorian, Comfortably Sleeps 6",153835489,Maggie,,Western Addition,37.77045457,-122.4313807,Entire home/apt,350,30,14,1/13/2018,2.39,2,179
17420087,Residential hotel near Union Square SF room #3,115849,Hiromi,,Downtown/Civic Center,37.7869127,-122.4116917,Private room,108,32,22,12/23/2017,1.98,8,80
17433218,Classic San Francisco home at Golden Gate Park,25963935,Michelle,,Inner Sunset,37.76190485,-122.4677035,Entire home/apt,350,31,6,1/8/2018,0.63,1,0
16944112,Quality Stay:Moscone Center in SoMa,113262641,Jason,,South of Market,37.78072844,-122.4052319,Entire home/apt,155,30,16,11/17/2017,1.11,1,35
16444225,Amazing Gem! Updated Kitchen! King Sized bed!,107848024,Elizabeth,,Western Addition,37.77695515,-122.4413025,Entire home/apt,250,30,3,3/21/2017,0.21,1,90
8592609,Sunny Noe Cottage Corporate Housing,1678230,Jenny & Norbert,,Noe Valley,37.75477117,-122.4270921,Entire home/apt,189,30,13,3/3/2018,0.49,2,321
16322016,"Comfy 2-Queen Flat w/Pkg, Yard, & Laundry by Beach",106823536,Lily,,Parkside,37.73823147,-122.4944967,Entire home/apt,179,30,63,3/12/2018,3.96,1,60
14657426,Fresh Ocean Breeze and Sunset view,29248670,Marilou,,Parkside,37.74300324,-122.5043033,Private room,125,31,1,10/8/2016,0.05,3,300
5253439,Bunk bed in the Treat Street Clubhouse,23278,Zain And Duncan,,Mission,37.75783386,-122.4130874,Shared room,33,30,113,2/20/2018,2.95,8,90
13734123,3BR Home by the Beach w/ Free Parking & Laundry!,4582677,Felix,,Parkside,37.73740233,-122.4949133,Entire home/apt,359,30,96,2/24/2018,4.47,3,141
10729994,"Middle of the City, Artsy and Cool",7719339,Robin,,Mission,37.75353249,-122.4101495,Entire home/apt,175,30,57,3/16/2018,2.17,1,122
21356840,"Life in SF, Bunk Bed in a Shared Room D2",154519240,Naya,,Lakeshore,37.73297735,-122.4750114,Shared room,45,31,9,3/11/2018,1.8,4,365
4295573,SF bedroom one block from Mission Street,260494,Jeff,,Excelsior,37.7242411,-122.4338976,Private room,53,30,92,2/21/2018,2.31,1,90
3615642,Spacious and Sunny by the Bay,214187,Alan,,Marina,37.80632442,-122.4364859,Private room,150,30,0,,,1,0
21578438,Private room in Cozy SF Home,17054038,Stefan,,Bayview,37.73250455,-122.3922115,Private room,82,31,0,,,2,364
1433917,Castro St Location Location Location,4819815,Barbara & Mick,,Castro/Upper Market,37.75866815,-122.4345411,Entire home/apt,175,30,124,9/16/2017,2.28,1,85
6516295,Spacious SOMA Loft w/ Parking,34074805,Eriem,,South of Market,37.77248454,-122.4077985,Entire home/apt,250,30,4,7/29/2016,0.16,1,0
5804060,ROMANTIC PRIVATE MARINA APARTMENT,30111455,Gabriela,,Marina,37.79797829,-122.4302264,Entire home/apt,109,30,57,9/21/2017,1.56,1,218
1159284,TELEGRAPH HILL WATERFRONT CONDO. VIEWS/DECKS/PARK,5548292,Tess,,North Beach,37.80390492,-122.4066082,Entire home/apt,225,30,3,8/27/2015,0.06,1,362
1195173,Walking Distance to Downtown!,6531356,Jennifer,,Nob Hill,37.79267721,-122.4153231,Private room,70,30,19,12/9/2017,0.33,1,236
1080933,Cozy Private 2 Rms - Separate Entry,4501070,Polina,,Noe Valley,37.74303502,-122.4287371,Private room,74,30,14,3/31/2018,0.24,2,279
5589530,Spacious Mission Garden Studio,20545698,Lori And Randy,,Mission,37.75989876,-122.4078099,Entire home/apt,170,2,199,3/20/2018,5.34,1,78
1104362,Heart of Castro Sunny Garden Studio,627552,Jan,,Castro/Upper Market,37.76225161,-122.4323159,Entire home/apt,192,4,125,3/16/2018,2.17,1,292
5470034,Small Room steps from Valencia,9639039,Joseph,,Mission,37.76054446,-122.421676,Private room,25,30,142,10/4/2017,3.79,2,263
815183,Country in the City... (30-day min),4282539,Lily,,Outer Mission,37.72754034,-122.4492683,Private room,60,30,8,9/9/2017,0.18,1,364
1053666,Studio with private entrance in Inner Mission,1572034,Neil,,Mission,37.75697616,-122.4112585,Entire home/apt,180,31,107,3/14/2018,1.93,2,296
2551994,Stunning Views from a Modern Home near Dolores Park,1035201,Joy & Peter,,Castro/Upper Market,37.76311548,-122.4315038,Entire home/apt,198,30,63,1/2/2018,1.28,1,0
2262616,"Cozy Room in SoMa, San Francisco",1756593,Rio,,South of Market,37.77562116,-122.4169012,Private room,65,30,39,1/31/2018,0.77,3,309
2126868,Jungle Room: Breakfast + Parking + 3 Bathrooms,5565510,Lulu,,West of Twin Peaks,37.7337658,-122.4642904,Private room,44,2,152,3/29/2018,2.95,5,296
1913043,Penthouse PatioBedRoom+Bath Monthly,6744265,Todd,,South of Market,37.78829886,-122.3915137,Private room,77,30,23,7/29/2017,0.43,3,21
21914,A Friendly Room Apt. Style-UCSF/USF-San Francisco,21994,Aaron,,Haight Ashbury,37.7648003,-122.4525132,Private room,65,32,14,8/16/2017,0.18,7,365
20626447,Room for female close to public transport,21940642,Alex,,Crocker Amazon,37.71319125,-122.4380348,Shared room,0,3,8,4/2/2018,1.14,7,176
41423,Guest Cottage - SF,180715,Dana,,Glen Park,37.73556832,-122.4330159,Entire home/apt,126,30,145,1/1/2018,1.56,1,288
21555212,Shared Hostel Room in Warm Community - Friends,117141107,Tobie,,Haight Ashbury,37.76891965,-122.4491101,Shared room,50,1,3,3/20/2018,2.05,16,213
17731097,"Fire Bunk, Peacock Room: Cozy Bed in Shared Room",117141107,Tobie,,Haight Ashbury,37.7691768,-122.4493202,Shared room,50,1,20,4/2/2018,1.56,16,262
6975064,Studio Apartment in the Heart of the City,5409563,Bilal,,Western Addition,37.78621883,-122.424375,Entire home/apt,85,3,45,3/27/2018,1.33,1,1
18656003,A Gorgeous Condo in Hayes Valley,122525573,Dave,,Western Addition,37.77809668,-122.4253049,Entire home/apt,295,6,5,1/12/2018,0.54,1,95
22323114,1 Bedroom Presidential in the ❤️ of Downtown SF,26482762,ResortShare1,,Downtown/Civic Center,37.7879529,-122.4117004,Entire home/apt,312,3,0,,,17,157
829185,Quiet Victorian near Market Street,4346130,Shannon,,Mission,37.77109003,-122.4240191,Entire home/apt,699,3,76,4/3/2018,1.2,2,93
544188,Home Away From Home: Gr8 loctation,2675469,Rey,,Pacific Heights,37.79341005,-122.4252142,Entire home/apt,190,30,79,7/23/2016,1.12,1,334
298368,Perfect Modern 1BD  Mission SF Apt,337160,Nicole,,Mission,37.76258853,-122.4174764,Entire home/apt,160,30,56,11/11/2017,0.75,1,365
487499,Mission District - Perfect Location,1682183,Daniel,,Mission,37.76098575,-122.4218298,Entire home/apt,125,30,175,2/11/2018,2.5,1,347
357551,30-Day Minimum 2 BR in the Marina District!,1809415,Jeff,,Marina,37.80434092,-122.4391108,Entire home/apt,360,30,77,1/27/2017,1.07,2,93
8775,Hidden gem in Mission district,27037,Matt,,Mission,37.75174005,-122.4094206,Entire home/apt,285,3,24,12/3/2017,0.27,1,75
22754156,Comfortable Victorian apartment in Potrero/Mission,4982399,Nichole,,Potrero Hill,37.75413877,-122.4023663,Entire home/apt,300,1,0,,,1,0
18253350,Single Family Home Near SF & SFO 4 Beds 2 Baths,7204241,Beau,,Lakeshore,37.70714054,-122.4798958,Entire home/apt,219,3,32,4/3/2018,2.87,4,279
7072662,1Br with Queen in Alamo Sq,4186016,Nathan,,Western Addition,37.77519905,-122.4376538,Entire home/apt,132,90,6,8/17/2015,0.18,1,0
3013520,small studio in a grate location ,3509116,Monty,,Inner Richmond,37.78031012,-122.4509991,Entire home/apt,55,30,19,8/25/2017,0.41,2,250
7785565,Studio in downtown,40968695,Devanshi,,Downtown/Civic Center,37.78843441,-122.4128015,Entire home/apt,60,1,0,,,1,0
19827064,Modern Hotel Room with Classic SF Feel,4634719,Nannette,,Chinatown,37.79098401,-122.4062541,Entire home/apt,700,3,1,11/9/2017,0.2,2,23
23312910,Stratford Hotel Room Queen,173206762,Stratford,,Downtown/Civic Center,37.78735292,-122.4075324,Private room,79,1,1,3/17/2018,1,63,3
11802948,Family Victorian in The Mission,98733,David + Tina,,Mission,37.7513626,-122.4135301,Entire home/apt,295,4,11,8/21/2017,1.19,1,73
8598197,Spacious Family-Friendly Home,45249066,Sara,,Marina,37.79776571,-122.4247946,Entire home/apt,850,3,15,8/11/2017,0.54,2,37
23237103,Sunset City View near SF State and Bart Station,148875631,Carissa,,Ocean View,37.71590574,-122.4704535,Private room,205,1,1,3/29/2018,1,6,276
14907455,(3C) Cozy Private Bedroom near Daly City Subway,88062053,Victor,,Ocean View,37.70855192,-122.465725,Private room,80,1,89,3/26/2018,4.64,7,145
545685,Garden Suite Private Bathrm GGPark,2676602,Su,,Outer Richmond,37.77619017,-122.4823081,Entire home/apt,79,1,559,3/25/2018,7.95,2,26
748256,Valencia Corridor Center Of It All!,516404,Michael And Yesica,,Mission,37.75495392,-122.4168309,Private room,120,1,506,4/1/2018,7.69,2,316
625655,Sunny San Francisco Bed & Bath,2823146,Brigitte,,Outer Mission,37.72722571,-122.439151,Private room,99,3,137,3/17/2018,2.55,1,192
21625713,Private 1 bed+bath super close to Muni,85774793,Shan,,Lakeshore,37.72848164,-122.4730094,Entire home/apt,120,2,5,3/22/2018,1.01,1,98
20652378,World traveler coliving,21940642,Alex,,Crocker Amazon,37.71206306,-122.4389605,Shared room,0,3,4,2/16/2018,0.6,7,165
23551722,Stratford Hotel Room Full,173206762,Stratford,,Downtown/Civic Center,37.78635597,-122.408605,Private room,69,1,0,,,63,1
12186884,Spacious sunny 3BD Golden Gate park house,627144,Sabrina,,Inner Sunset,37.76054113,-122.4677845,Entire home/apt,100,30,6,12/31/2017,0.25,1,212
15760768,"Modern, spacious 2BR with Spectacular Views",101905057,William,,Ocean View,37.70772173,-122.4635901,Entire home/apt,200,3,13,11/28/2017,0.76,1,0
21045694,Modern & Convenient Studio - Walk to BART & Muni,30506212,Gordon,,Crocker Amazon,37.71446013,-122.4422267,Entire home/apt,71,1,27,4/4/2018,4.15,1,6
22528452,Dorm Room with Private Bathroom,100390518,Herbert,,Downtown/Civic Center,37.78545928,-122.4088318,Private room,75,21,0,,,1,344
23312854,Stratford Hotel Room Queen,173206762,Stratford,,Downtown/Civic Center,37.78676345,-122.4069211,Private room,79,1,0,,,63,4
7564371,Bright 2BR Flat in Russian Hill,39658961,Miranda,,Russian Hill,37.7970348,-122.4186052,Entire home/apt,275,4,14,2/19/2018,0.45,1,12
23313200,Stratford Hotel Room Queen,173206762,Stratford,,Downtown/Civic Center,37.78821226,-122.4074666,Private room,79,1,0,,,63,4
5195922,Spacious Private Room in SF,26653520,Annie,,Crocker Amazon,37.71052308,-122.446453,Private room,99,2,13,3/17/2018,0.41,6,59
3262216,"Lovingly remodeled Edwardian, convenient location",6951329,Katie & Brandon,,Outer Mission,37.73153554,-122.4351498,Entire home/apt,360,2,3,7/14/2014,0.07,1,4
19417708,Quality Prv Entire Apt 2Br/2Ba Prv Entry w Parking,62034618,Ting Ting,,Lakeshore,37.7304771,-122.4920993,Entire home/apt,160,1,18,3/18/2018,2.1,3,202
4305042,The Perfect SF Getaway,22347599,Joel & Mel,,West of Twin Peaks,37.74301451,-122.4592087,Entire home/apt,189,2,110,3/26/2018,2.77,1,58
23454935,Queen bedroom in Cole Valley/Haight St area,1886735,David,,Haight Ashbury,37.76895517,-122.4471341,Private room,90,2,2,3/19/2018,2,3,181
19140351,"Bright 2BR retreat steps from
Golden Gate Park!",3773599,Lawrence,,Inner Richmond,37.77408777,-122.4715388,Entire home/apt,275,3,17,3/27/2018,2.12,1,28
23377863,"Connected Queen Bed Suites, 1-4 Guests, Superhost!",11609628,Isaac,,Lakeshore,37.7333073,-122.4922898,Entire home/apt,174,1,2,3/21/2018,2,5,231
4462326,"Cozy, Quite Noe Valley Victorian",18151037,Valerie,,Noe Valley,37.75362843,-122.4370618,Private room,105,2,70,3/16/2018,1.8,9,232
4841027,Cozy Bedroom in Warm Home,1665158,Jason,,Outer Mission,37.73056158,-122.4517596,Private room,95,2,109,3/24/2018,3.06,1,108
13866653,Entire Floor w/ Private Bath + Free parking,1483039,Adam,,Excelsior,37.72658563,-122.4172923,Entire home/apt,120,2,111,3/19/2018,5.22,2,17
12590446,Rockin' Room in the Sunset,16463339,Sergei,,Parkside,37.74563031,-122.4715561,Private room,120,2,73,4/5/2018,3.16,2,79
8055632,Guest Room in Renovated Apartment,11886896,Emanuel,,Visitacion Valley,37.71296997,-122.4005301,Private room,100,2,113,3/25/2018,3.56,4,27
24230540,Cozy room with a view  (Third Floor Rm 1),161356867,Charlie,,Inner Sunset,37.76361538,-122.4545287,Private room,90,1,0,,,6,48
17576074,Comfy Bedroom in San Francisco ❤️,40297300,Igor,,Bayview,37.72859014,-122.371805,Private room,75,1,32,3/30/2018,3.09,4,172
21478380,Chic apartment in heart of Haight / Cole Valley,83585377,Miles,,Haight Ashbury,37.76732566,-122.4502364,Entire home/apt,125,2,10,3/26/2018,1.96,1,102
23787185,two twin beds in #1 usa hangout valencia street,54515423,Elliot,,Mission,37.77018413,-122.4231209,Private room,85,1,0,,,3,25
15860973,Beautiful Mission 3BR / 2BA - 1 block to BART!,6136360,Jeff,,Mission,37.75126604,-122.4149382,Entire home/apt,337,2,4,12/26/2017,0.49,4,1
13803228,Fab Mid-Century Master Suite,79745762,Troy,,Diamond Heights,37.74608157,-122.4444017,Private room,140,2,18,11/10/2017,0.95,1,18
12383404,Cute Noe Valley Apartment,864647,Tara,,Noe Valley,37.75105043,-122.44187,Entire home/apt,189,4,23,1/18/2018,0.97,1,297
23312670,Stratford Hotel Room Full,173206762,Stratford,,Downtown/Civic Center,37.78778509,-122.4084739,Private room,79,1,0,,,63,0
23552149,Stratford Hotel Room Full,173206762,Stratford,,Downtown/Civic Center,37.78620084,-122.4084752,Private room,69,1,1,3/21/2018,1,63,0
23551138,Stratford Hotel Room Full,173206762,Stratford,,Downtown/Civic Center,37.78803442,-122.4077018,Private room,69,1,0,,,63,0
23292785,Stratford Hotel Room Queen,173206762,Stratford,,Downtown/Civic Center,37.78670507,-122.4068369,Private room,79,1,1,3/11/2018,1,63,2
23552081,Stratford Hotel Room Full,173206762,Stratford,,Downtown/Civic Center,37.78622828,-122.4070171,Private room,69,1,1,3/11/2018,1,63,6
23611401,Stratford Hotel Twin/Twin,173206762,Stratford,,Downtown/Civic Center,37.78725726,-122.4091317,Private room,75,1,0,,,63,5
23312568,Stratford Hotel Room Full,173206762,Stratford,,Downtown/Civic Center,37.78663277,-122.4085188,Private room,79,1,1,3/17/2018,1,63,0
74758, Mission Outr Rustic Pvt Bedroom ,305973,Maria,,Excelsior,37.73137082,-122.4253181,Private room,42,30,31,6/4/2017,0.36,11,341
22403915,Beautiful city views,6313044,Dan,,North Beach,37.80199074,-122.4040157,Entire home/apt,155,12,1,2/3/2018,0.47,1,0
23312479,Stratford Hotel Room Full,173206762,Stratford,,Downtown/Civic Center,37.78802964,-122.4069283,Private room,79,1,0,,,63,6
23312776,Stratford Hotel Room Full,173206762,Stratford,,Downtown/Civic Center,37.7862795,-122.4086434,Private room,79,1,3,3/17/2018,2.73,63,0
23312390,Stratford Hotel Room Full,173206762,Stratford,,Downtown/Civic Center,37.78653847,-122.4085505,Private room,79,1,0,,,63,5
2333058,Private guest suite in family home!,22920,Dawn,,Bayview,37.73158132,-122.3903629,Private room,99,3,139,3/27/2018,2.81,1,79
20883922,Private Floor in Charming Modern Bayview Home,123429,Laura,,Bayview,37.73045488,-122.3951238,Entire home/apt,90,4,10,3/18/2018,1.7,1,86
6974259,Rossa House,127367,Annette,,Bayview,37.71059904,-122.3903009,Entire home/apt,170,30,0,,,20,365
18528858,Family Friendly charmer w/ private garage & garden,312334,Amalia,,Bayview,37.73091892,-122.3877497,Entire home/apt,200,2,5,3/29/2018,0.6,2,7
20364980,Bliss in Bayview - 4 beds/3 baths with parking,1258368,Faiz,,Bayview,37.72835271,-122.3848367,Entire home/apt,350,2,11,3/29/2018,3.93,5,25
1455937,Great Rm in a Happy Household SF,1620468,Carla,,Bayview,37.73403694,-122.3921548,Private room,60,1,14,1/31/2018,0.26,3,268
15075530,Spacious two-bedroom in San Francisco Victorian,1787588,Tim,,Bayview,37.73504165,-122.3928109,Entire home/apt,135,2,69,3/22/2018,4.27,1,112
522273,Amazing Private Room w/View in Beautiful SF Flat,2568946,Kymberli,,Bayview,37.7382073,-122.3914636,Private room,75,30,7,1/7/2018,0.62,1,263
20425974,Modern 1BR/1Bath private unit with free parking,2645836,Brian,,Bayview,37.72921879,-122.3931223,Entire home/apt,127,1,26,11/15/2017,3.42,1,0
22532473,Two Comfy Clean Private Rooms in Sunny Bayview,2669778,Darren,,Bayview,37.73706592,-122.3915768,Private room,250,3,0,,,3,111
2801140,Large Modern 3 Bedroom Apartment,3445108,John,,Bayview,37.71816951,-122.3883767,Entire home/apt,185,3,112,3/22/2018,3.08,2,173
18777105,Welcome to Casa Sol y Luna!,3532194,Heather And Gustavo,,Bayview,37.72188814,-122.3893867,Entire home/apt,145,1,30,4/1/2018,2.97,1,296
1887206,Amazing House on a Sunny Hillside,4027973,Zak,,Bayview,37.7187473,-122.3954834,Entire home/apt,131,30,8,2/28/2017,0.19,1,189
22603366,舊金山民宿-慢活陽光小居,4348219,Daniel,,Bayview,37.7359352,-122.3978635,Private room,90,3,0,,,1,277
5970639,Knockout Panoramic View 1 Bedrm Apt,5153588,Gaylene,,Bayview,37.73437132,-122.3953397,Entire home/apt,89,30,13,2/28/2017,0.37,2,258
4068598,"Strum a Guitar in a Bright, Modern Apartment",7270890,Kristin,,Bayview,37.73908081,-122.3835691,Entire home/apt,210,2,124,4/6/2018,5.63,1,206
17389936,"2 Bedroom, 1 Bathroom House",7896411,Michael,,Bayview,37.72243559,-122.3937865,Private room,140,2,4,11/15/2017,0.6,3,49
2521327,"Spacious, Airy 1BR/BA apartment",12908133,Jonelle,,Bayview,37.73253692,-122.388404,Entire home/apt,120,2,20,10/9/2017,0.46,1,351
13749078,Epic Views and Easy Parking - guest bedroom,15376205,Simon,,Bayview,37.71594186,-122.3891253,Private room,136,1,117,3/11/2018,5.46,2,74
5218022,Private Studio with Private Bath,26996387,Wes,,Bayview,37.73258328,-122.3987878,Private room,106,3,128,3/26/2018,3.79,1,123
15999214,#104 Private Room in Hostel-Style House in Bayview,27123550,Jacquelyn,,Bayview,37.73462007,-122.3880617,Private room,40,30,4,3/26/2018,0.24,2,350
16322853,"Large, Bright Garden studio w/ parking & backyard",29665662,Alina,,Bayview,37.72934526,-122.3838265,Entire home/apt,99,30,79,2/20/2018,5.07,2,89
7514742,Beautiful Charming Garden Hideaway,39370274,John,,Bayview,37.73192032,-122.388212,Entire home/apt,120,2,170,4/3/2018,5.28,1,88
17445405,Affordable Room in San Francisco,40297300,Igor,,Bayview,37.72788936,-122.3704275,Private room,66,1,75,3/30/2018,5.57,4,348
8277718,Cozy Private Room&Bathroom in Bayview Heights! :),43649769,Melanie,,Bayview,37.71754724,-122.3965914,Private room,90,1,88,4/4/2018,2.84,1,70
11759260,Bedroom #1,45407614,Jasiel,,Bayview,37.71888217,-122.3955521,Private room,59,1,139,3/30/2018,5.6,4,323
8635973,Bedroon # 4 Shared bathroom,45407614,Jasiel,,Bayview,37.72074037,-122.3938465,Private room,71,1,187,4/1/2018,6.13,4,303
24137129,"AWESOME DEAL: Cheap, Clean & Convenient Single Bed",58389796,Arjun,,Bayview,37.72925959,-122.384827,Private room,39,1,0,,,5,67
20813007,New Private Bed & Pvt Bath (w TV) close to MUNI,58389796,Arjun,,Bayview,37.72918553,-122.3842573,Private room,69,1,27,4/5/2018,4.15,5,68
19704114,Private room in the Bayview,60646942,Mitchell,,Bayview,37.71875687,-122.3910429,Private room,66,1,30,3/31/2018,3.49,1,20
14762154,"Luxury Suite: Huge Deck & Room, Priv Bath, Kitchen",84154713,Sean,,Bayview,37.72707806,-122.3880715,Private room,260,2,3,12/29/2017,0.24,6,22
14043110,"Huge Beauty, 3 Beds, Full Kitchen & Free Parking",84154713,Sean,,Bayview,37.72864204,-122.3878621,Private room,140,2,128,3/22/2018,6.66,6,129
20389158,The Castle - Kings Quarters,130921045,Paul,,Bayview,37.7349556,-122.3944114,Private room,155,1,19,3/16/2018,2.61,7,342
21964157,旧金山之翼(Wing of San Francisco) 2 Rooms for 1–5people,149797235,Wing,,Bayview,37.7208276,-122.3945148,Entire home/apt,129,1,27,4/2/2018,8.1,1,78
1985338,Beautiful Garden Studio in Bernal,30250,Nichole & Julien,,Bernal Heights,37.73939446,-122.4163566,Private room,120,3,116,3/10/2018,2.22,1,103
42408,"Crows Nest,Charming Jr. One Bedroom",127367,Annette,,Bernal Heights,37.7340436,-122.4178129,Entire home/apt,85,30,4,4/6/2016,0.05,20,309
5520863,"Gorgeous, Modern & Comfortable Home",286128,Buffy,,Bernal Heights,37.73695014,-122.4240005,Entire home/apt,339,3,8,3/30/2018,0.33,2,16
1039779,Room with a View over SF South Bay,295976,Nathalie,,Bernal Heights,37.74143581,-122.4138262,Private room,89,30,101,3/11/2018,1.79,1,245
137546,Bernal Heights Gem near SF Mission,672097,Christopher 'Scott',,Bernal Heights,37.7470781,-122.4245638,Private room,102,10,189,4/1/2018,2.56,3,87
196090,Nice Bedroom in Spacious House,954250,Mickey,,Bernal Heights,37.73725509,-122.4108111,Private room,85,30,31,12/13/2017,0.39,1,0
21291714,Small bedroom on Precita Park.,974441,Peter,,Bernal Heights,37.74793742,-122.4118805,Private room,100,2,1,3/19/2018,1,2,0
17556287,Modern. Remodeled Victorian with Flow,988375,Jennifer,,Bernal Heights,37.7386789,-122.4128973,Entire home/apt,300,3,8,1/14/2018,0.69,1,6
394575,Grand and Cozy 1920's SF Studio,1190192,Mike And Nic,,Bernal Heights,37.74248144,-122.4106881,Entire home/apt,149,6,316,3/24/2018,4.36,1,253
1056688,Beautiful Converted Warehouse in the Mission,1411704,John,,Bernal Heights,37.7472755,-122.4175,Entire home/apt,600,1,103,2/12/2018,1.8,1,361
8336042,Sunny Mission studio with private access,1491922,Matthew,,Bernal Heights,37.7472762,-122.4076561,Entire home/apt,165,3,91,4/5/2018,3.3,2,135
1487849,Holladay Home (w/parking),1590094,Maury,,Bernal Heights,37.74669075,-122.4058601,Entire home/apt,167,2,222,3/12/2018,3.92,1,271
883937,"Stylish, 1 bdrm Japanese-style apt.",1611701,Suzy,,Bernal Heights,37.74650149,-122.4098931,Entire home/apt,165,4,119,2/23/2018,1.92,1,268
16572187,Farmer's Market Hillside Haven,1695476,Sarah,,Bernal Heights,37.73655625,-122.413607,Entire home/apt,135,2,70,4/1/2018,4.84,1,8
15919029,Spacious 2-Bedroom Home in Bernal Heights,1862130,Naldo & Liliana,,Bernal Heights,37.73355638,-122.4137547,Entire home/apt,175,3,2,1/2/2018,0.24,1,120
10454632,The French Victorian Room-Views,2059233,"Wendy, Fred & Lita",,Bernal Heights,37.7475363,-122.4057842,Private room,99,5,5,11/5/2017,0.27,2,279
531151,4 bdrm Family Home Heart of Bernal,2608908,Jennifer,,Bernal Heights,37.73495517,-122.4165589,Entire home/apt,419,4,11,7/28/2017,0.24,1,29
561602,"Sunny Room w Stunning View, 20 Minutes to Downtown",2760904,Matt,,Bernal Heights,37.74520796,-122.4193844,Private room,85,4,141,3/28/2018,2.03,1,140
6453006,Cozy Private Suite w/ Kitchen,2801594,Divya,,Bernal Heights,37.74172457,-122.408509,Private room,135,3,68,3/26/2018,2.01,1,0
9995426,Garden apartment in Glen Park,2937937,Karen,,Bernal Heights,37.73285587,-122.4286311,Entire home/apt,140,3,31,3/30/2018,1.23,1,26
17809833,Private entry & bathroom in lovely Bernal Heights!,3076837,Casey,,Bernal Heights,37.73530903,-122.4248034,Private room,110,2,35,3/23/2018,2.89,1,0
18122830,Light and open modern hilltop home.,3543858,Michelle,,Bernal Heights,37.74163957,-122.4106584,Entire home/apt,235,4,3,1/7/2018,0.3,1,0
4093807,Bay View Room in SF Gem + Magical Garden & Views!,3608449,Jeannie (And Skate),,Bernal Heights,37.7438349,-122.4095947,Private room,109,2,60,4/4/2018,3.17,4,345
4710280,Private patio & hilltop views,3694427,Anthony,,Bernal Heights,37.74325405,-122.4163931,Entire home/apt,185,2,173,3/18/2018,4.31,1,226
766516,Sunlit Precita Park 2BR,4041928,Catherine & Christian,,Bernal Heights,37.74667618,-122.4140138,Entire home/apt,225,30,84,12/31/2017,1.3,1,222
21282635,2Br/1BA Sunny Retreat in Mission/Bernal,4137005,Max & Fernanda,,Bernal Heights,37.74800026,-122.4130011,Entire home/apt,225,2,10,3/28/2018,2.16,1,5
14888467,"Modern Living, Old World Charm",4186663,Justin,,Bernal Heights,37.73538771,-122.4233716,Entire home/apt,280,4,0,,,2,25
3263219,Sunny Bernal home w/ deck + garden,4346065,Greg,,Bernal Heights,37.73509669,-122.4214071,Entire home/apt,225,5,18,4/1/2018,0.39,1,51
867530,Quiet Bernal Heights cottage studio,4422469,Cat And EB,,Bernal Heights,37.73822196,-122.4223341,Entire home/apt,125,2,188,3/30/2018,3.1,1,229
2254974,"Bright, Clean, Cozy, Good Location,  Parking",4526612,Irene,,Bernal Heights,37.73281394,-122.4142511,Entire home/apt,140,2,51,3/28/2018,1.04,1,6
7065061,Bernal Heights Family Friendly Home,4668854,Cheryl,,Bernal Heights,37.74194709,-122.4169088,Entire home/apt,180,4,5,12/30/2017,0.18,1,0
3656251,Big Cozy room w/ view in awesome Bernal/Mission,5136538,Blu Patti,,Bernal Heights,37.73758637,-122.4229944,Private room,59,1,96,3/29/2018,2.16,2,210
8655125,4 BR/4BA Bernal Heights Victorian,5154041,Kristin,,Bernal Heights,37.73638426,-122.419366,Entire home/apt,360,4,8,12/26/2017,0.37,2,0
1094481,Sunny 1 Bedroom Garden Apartment,5424774,Pearl,,Bernal Heights,37.73872658,-122.4169828,Entire home/apt,125,30,176,2/24/2018,2.95,1,219
22325337,Cozy Neighborhood Gem,5503169,Neil,,Bernal Heights,37.7360984,-122.4140197,Private room,67,2,11,3/30/2018,3.44,2,133
21609686,Charming Victorian House in Bernal Heights,5851881,Jim,,Bernal Heights,37.73560893,-122.4148409,Entire home/apt,160,2,11,3/29/2018,2.82,1,307
20972434,Lush oasis in Bernal Heights - SF's hottest 'hood!,7264060,Heather,,Bernal Heights,37.73980189,-122.4184761,Private room,75,1,7,12/30/2017,1.35,1,0
13223141,Bernal Heights Hollow -Top Location!-,7407016,Jane & Rob,,Bernal Heights,37.74234856,-122.4136051,Entire home/apt,125,2,100,3/19/2018,4.75,2,20
19329748,"Perfectly located, large, bright, comfortable room",8024026,David,,Bernal Heights,37.74699678,-122.4192113,Private room,158,3,12,2/7/2018,1.34,1,169
1995316,Stunning Upscale Private Apartment,10284322,Marsha,,Bernal Heights,37.74619831,-122.4119467,Entire home/apt,160,3,186,3/24/2018,4.04,1,96
2178509,Bernal Heights Architect's Retreat,11111526,Gregg,,Bernal Heights,37.74127706,-122.4215473,Private room,105,2,297,4/5/2018,5.87,1,293
2455313,Lovely upscale spacious 3BR+ (walk to everything!),12556651,Jaysa,,Bernal Heights,37.74175843,-122.4180318,Entire home/apt,325,2,37,2/25/2018,0.76,1,3
10766080,"Ground level mini ""apartment""",12832831,Millie,,Bernal Heights,37.74767143,-122.4148241,Entire home/apt,135,2,136,3/30/2018,5.16,1,253
9335892,"Garden room, outdoor jacuzzi",16114106,Kevin Jens,,Bernal Heights,37.7443004,-122.4207411,Private room,121,2,84,12/17/2017,3.1,1,90
21461483,Cute Mission Bernal Room with Garden Courtyard,16789286,Kim,,Bernal Heights,37.73829331,-122.4237101,Private room,65,1,13,3/25/2018,2.55,2,244
10616275,Spacious Victorian Bedroom in Mission,17536951,Rob,,Bernal Heights,37.74259142,-122.4214222,Private room,100,4,43,4/2/2018,2.49,5,16
7699710,Spacious house in a great walkable neighborhood!,19655055,David,,Bernal Heights,37.73957189,-122.4142518,Entire home/apt,252,3,4,7/23/2017,0.13,1,6
19878899,Cozy private room and bathroom in Bernal heights,22176876,Tami,,Bernal Heights,37.73694635,-122.4110877,Private room,63,1,32,3/31/2018,3.71,1,1
12382688,Be Hip! Stay in my Modern studio,27287794,Charles & Emily,,Bernal Heights,37.74608635,-122.4113076,Entire home/apt,115,30,59,3/31/2018,2.47,1,116
11494067,Spacious Modern 600sf Bernal Jr 1 bedroom,29984796,Catherine,,Bernal Heights,37.74072799,-122.4180006,Entire home/apt,142,3,35,3/30/2018,1.46,1,62
15957623,Sunny 5 bedroom Victorian Steps from the Fun,30075056,Joelle,,Bernal Heights,37.74688895,-122.4169805,Entire home/apt,650,7,4,1/2/2018,0.32,1,44
6784867,Coolest Victorian Gem,34299732,Evan,,Bernal Heights,37.74486024,-122.4220966,Private room,89,2,121,3/24/2018,3.59,2,329
22178186,"Lovely Upscale home. Views, light, free parking",34605505,Robustiano,,Bernal Heights,37.74625428,-122.4143077,Entire home/apt,180,3,0,,,1,0
6648062,Modern View Home w/ a Private Deck,34799523,Mari,,Bernal Heights,37.74135349,-122.4093841,Private room,130,3,26,3/17/2018,0.77,4,301
19015884,BernalHeights/Mission/super stylish/stunning views,35088058,Jennifer,,Bernal Heights,37.74602412,-122.4163406,Entire home/apt,145,2,67,4/3/2018,6.77,1,65
9949873,Large Master Bedroom in large modern 2 story home,45040916,Aj,,Bernal Heights,37.73963862,-122.4104886,Private room,104,31,11,8/21/2017,0.4,4,365
9525734,Cozy Bernal Heights Studio Apt,45084968,Randi,,Bernal Heights,37.74235743,-122.4167877,Private room,95,2,59,4/1/2018,2.09,1,304
15144208,"Private Room in Cute, Artistic Victorian Flat",46243268,Kristian,,Bernal Heights,37.74375125,-122.4186757,Private room,50,4,43,3/3/2018,2.42,1,99
16406118,Private-Master BD/BTH in 2-BD/2-BTH TwnHse,47804679,Chaz,,Bernal Heights,37.73408248,-122.413598,Private room,100,1,99,4/1/2018,6.59,2,27
17651864,Bernal Bungalow with two patios!,51634045,Nicole,,Bernal Heights,37.74820964,-122.4150559,Entire home/apt,150,7,3,7/30/2017,0.33,1,0
11181016,Beautiful Bernal Heights Victorian,58191877,Jen  (And Peter),,Bernal Heights,37.74315813,-122.419136,Entire home/apt,325,3,21,8/14/2017,0.98,1,0
14141746,Spacious 3 bedroom Edwardian house w/decks yard,66327403,Patrick,,Bernal Heights,37.74073076,-122.422883,Entire home/apt,350,4,1,8/11/2017,0.13,1,337
16662425,Huge 3 bed 2 bath with views + parking in Bernal,110186194,Douglas,,Bernal Heights,37.74016002,-122.4214616,Entire home/apt,300,4,21,9/16/2017,1.46,1,0
17402726,Cozy room in sunny 2BR apt in Bernal Heights,117653172,Jane,,Bernal Heights,37.73904899,-122.4126857,Private room,128,30,0,,,1,87
17809462,"GORGEOUS BERNAL OASIS, PRIVATE FLOOR MASTER BED/BA",121723151,Julie,,Bernal Heights,37.74714363,-122.4137451,Private room,110,2,3,8/28/2017,0.24,1,0
24232584,Beautiful San Francisco Home with Views,122906605,Stephanie,,Bernal Heights,37.74575497,-122.4174252,Entire home/apt,450,14,0,,,1,24
19721524,House in the heart of sunny Bernal Heights.,139011734,Douglas,,Bernal Heights,37.73881875,-122.4135054,Entire home/apt,300,3,4,2/19/2018,0.5,1,40
21506418,Modern and Clean 2 Bed/2 Bath with Parking,154621483,Alice,,Bernal Heights,37.74743709,-122.4119985,Entire home/apt,250,30,4,1/5/2018,1.11,1,94
21380403,Private Garden Suite in the Heart of Bernal Hghts,154851443,Paul,,Bernal Heights,37.74590434,-122.4127511,Entire home/apt,275,2,22,4/2/2018,4.4,1,140
21440528,Cute Bungalow Style Home with Backyard,155486904,Rosa,,Bernal Heights,37.74552682,-122.410001,Entire home/apt,175,30,12,1/5/2018,2.25,1,175
4782281,Sunny Dolores Park Apartment,77658,Daniel,,Castro/Upper Market,37.76031555,-122.4288576,Entire home/apt,180,2,184,4/5/2018,4.69,1,109
23630,Castro Guest Suite With Continental Breakfast,93257,Daniel,,Castro/Upper Market,37.75963016,-122.4414323,Entire home/apt,155,3,309,4/3/2018,9.51,1,217
45299,Private Castro Studio with 2 beds,178043,Chas,,Castro/Upper Market,37.76068104,-122.4333063,Entire home/apt,149,3,103,3/23/2018,1.11,2,8
41055,Cozy Castro Cottage with Cat,178043,Chas,,Castro/Upper Market,37.76125009,-122.4333547,Entire home/apt,159,4,36,12/23/2017,0.39,2,125
18348703,Quiet Retreat in the Heart of SF,272176,Elisa,,Castro/Upper Market,37.76525117,-122.4345527,Entire home/apt,130,2,22,11/21/2017,2.18,3,0
19503709,Elegant Victorian with Views in Quite Neighborhood,407365,Elisha,,Castro/Upper Market,37.76690648,-122.4379238,Entire home/apt,350,3,3,9/4/2017,0.38,1,0
8274904,"Elegant, Private Queen Atrium Suite",465520,Saundra,,Castro/Upper Market,37.76757368,-122.4363897,Private room,120,2,50,3/29/2018,1.63,3,245
128230,Castro Sanctuary,634277,Maria,,Castro/Upper Market,37.75886842,-122.4356478,Entire home/apt,328,3,125,12/12/2017,1.5,1,232
148559,"Central Victorian Apartment, 2.5 br",717236,Steven,,Castro/Upper Market,37.76787022,-122.4317222,Entire home/apt,275,4,15,1/3/2018,0.18,1,2
4184406,Sunny Victorian - Bay Window Room,742560,Brian,,Castro/Upper Market,37.76824802,-122.4286117,Private room,180,4,140,3/9/2018,3.35,2,67
4880988,Gem in the Colorful Castro District,878114,Audrey,,Castro/Upper Market,37.75889462,-122.4375001,Entire home/apt,126,30,6,6/30/2015,0.17,1,0
6713445,Castro Villa Verde,965865,Jeffrey,,Castro/Upper Market,37.76355806,-122.4325687,Entire home/apt,200,1,145,3/16/2018,4.24,1,285
256148,"Spacious, Quiet Room & Private Bath in Castro",1239523,Chris,,Castro/Upper Market,37.76188298,-122.4421525,Private room,139,1,484,3/29/2018,6.22,1,143
16392353,Heart of the Castro: Master Bedroom with Bath,1314117,Andy,,Castro/Upper Market,37.76131157,-122.4387856,Private room,250,30,3,12/11/2017,0.19,1,29
1107014,Incredible City Views from a House in the Castro,1743413,Julia,,Castro/Upper Market,37.75871356,-122.4381545,Entire home/apt,950,2,50,3/28/2018,0.84,1,198
374997,Castro View Whole Top flr Apartment,1781821,Katie And Chris,,Castro/Upper Market,37.76054604,-122.4422101,Entire home/apt,549,3,30,12/31/2017,0.48,2,145
17717979,Classic Single R-3 with shared bath,50160697,Virgilio,,Downtown/Civic Center,37.78544483,-122.4150521,Private room,95,4,15,2/7/2018,1.5,8,204
352165,In-Law Bedroom in Castro Victorian,1783772,Brian,,Castro/Upper Market,37.75813281,-122.4355014,Entire home/apt,115,2,161,3/27/2018,3.28,2,37
438940,Classic Room @ Heart of The Castro,1841207,Craig And Geoff,,Castro/Upper Market,37.76003251,-122.4357042,Private room,100,3,30,2/11/2018,0.42,4,9
438967,Cool Blue @ The Heart of The Castro,1841207,Craig And Geoff,,Castro/Upper Market,37.75940723,-122.4336289,Private room,109,2,20,2/10/2018,0.28,4,0
3073038,Bright Castro Condo: Great Location,2259758,Catherine & Micki,,Castro/Upper Market,37.75839444,-122.4408442,Private room,145,3,50,3/13/2018,1.09,1,138
488359,Quiet Studio in the Heart of Castro,2416427,José,,Castro/Upper Market,37.76214175,-122.4314817,Entire home/apt,205,3,180,3/29/2018,2.75,1,110
23217998,Business Ready in the ❤ of The Castro - W/D,2711732,Keith,,Castro/Upper Market,37.76102725,-122.4350069,Private room,120,1,4,4/3/2018,3.08,4,171
23095049,Remodeled Master Suite in the ❤ of The Castro,2711732,Keith,,Castro/Upper Market,37.75966073,-122.4348053,Private room,225,1,3,3/13/2018,1.58,4,166
2177440,Charming Eureka Valley/Upper Castro,3474626,Ron,,Castro/Upper Market,37.75791297,-122.4427296,Private room,110,2,14,3/24/2018,0.43,1,88
3742189,"Gorgeous, Prime Mission location w/ Gated Parking",3682068,Alex,,Castro/Upper Market,37.76534379,-122.4279846,Private room,120,1,157,3/18/2018,3.56,1,309
757797,Location Comfort Privacy + PARKING,3772252,Timothy,,Castro/Upper Market,37.76025832,-122.4287501,Entire home/apt,200,30,112,3/4/2018,1.69,1,341
20654216,Private and Spacious Room in the Perfect Location,4026717,John,,Castro/Upper Market,37.76142359,-122.4289275,Private room,100,2,29,4/6/2018,3.95,3,328
21126147,Comfort and Convenience in the Perfect Location,4026717,John,,Castro/Upper Market,37.76214291,-122.4301801,Private room,100,2,26,4/3/2018,4.24,3,327
23680625,Noe Seclusion,5366868,Sandy,,Castro/Upper Market,37.76766783,-122.432538,Entire home/apt,275,7,0,,,1,104
16519220,5-Star Retreat & Hot Tub (1BR/1BA/2Q Beds-4PPL),5805679,Laurence,,Castro/Upper Market,37.76385657,-122.4399174,Entire home/apt,329,3,28,3/29/2018,2.16,2,146
2471457,"Location! Sunny, Quiet City Getaway",5986346,Boris & Kate,,Castro/Upper Market,37.76222687,-122.4328084,Private room,200,2,212,3/25/2018,4.47,1,0
3102139,Modern Home in Castro,6737179,Lyssa,,Castro/Upper Market,37.75888784,-122.4322715,Entire home/apt,550,2,0,,,1,0
1261074,Comfy Pvt Rm/Ba in Duboce Triangle,6868911,Jay,,Castro/Upper Market,37.76692764,-122.4310246,Private room,130,3,121,3/25/2018,2.14,1,6
1279292,Castro - Private Garden Apartment,6961330,Ron,,Castro/Upper Market,37.76290082,-122.4355138,Entire home/apt,250,3,175,3/30/2018,3.56,1,298
1328186,Fabulous Victorian in the Castro,7208147,MarknEric,,Castro/Upper Market,37.7585414,-122.4368433,Entire home/apt,500,7,2,8/10/2017,0.07,1,326
18717845,Luxurious Master Suite in Duboce Triangle,7261337,David,,Castro/Upper Market,37.76806128,-122.4296513,Private room,275,2,2,1/15/2018,0.4,1,84
5884735,Castro New Remodel: 1 Prvt bedroom & 1 Prvt Bath,8549915,Mouwafac,,Castro/Upper Market,37.76295826,-122.4311571,Private room,59,3,90,2/19/2018,2.53,1,161
1673011,Stunning Home on Liberty St w Views-Business Ready,8856312,Drew,,Castro/Upper Market,37.75868556,-122.4267954,Entire home/apt,525,3,98,3/1/2018,1.8,1,247
16178483,Beautiful Castro Edwardian (pvt top-level condo),9475163,Dhruv,,Castro/Upper Market,37.76136974,-122.4391686,Entire home/apt,225,3,7,3/24/2018,0.65,2,1
3319159,#NAME?,9632192,Lynn,,Castro/Upper Market,37.76438216,-122.4304668,Entire home/apt,115,30,16,3/14/2018,0.41,3,273
1843662,#NAME?,9632192,Lynn,,Castro/Upper Market,37.76448235,-122.4292381,Entire home/apt,135,30,17,5/20/2017,0.37,3,350
1960773,The Black Victorian Home,10081093,Cameron,,Castro/Upper Market,37.76033574,-122.4376459,Entire home/apt,499,21,2,9/18/2015,0.05,1,0
13430730,Perfect for longer stays in San Francisco 30+ days,13408956,Pedro,,Castro/Upper Market,37.76551406,-122.4403173,Entire home/apt,125,30,16,6/22/2017,0.77,1,340
6545449,4 BR 3BA house w parking- Duboce Tri,14274608,Shameem,,Castro/Upper Market,37.76902684,-122.43489,Entire home/apt,1050,2,13,11/10/2017,0.38,1,335
8941317,Above the Clouds of San Francisco,14385307,Uschi,,Castro/Upper Market,37.76800289,-122.4372068,Entire home/apt,399,1,46,4/4/2018,2.22,1,7
3759368,"Charming, Private Castro Garden Apt",17120264,Leo,,Castro/Upper Market,37.76610284,-122.4351978,Entire home/apt,165,3,217,3/31/2018,4.87,1,46
3754870,Apartment in the Castro,19218746,Chris,,Castro/Upper Market,37.76059856,-122.4365916,Entire home/apt,165,5,72,4/3/2018,1.61,1,260
3811916,Separate entrance Castro Studio,19595581,Amanda,,Castro/Upper Market,37.75655592,-122.4343579,Private room,130,3,169,3/17/2018,3.96,1,44
24239325,Rang,21863698,Bianca,,Castro/Upper Market,37.76133426,-122.4446634,Entire home/apt,194,1,0,,,1,365
20857268,Castro dream views,22515227,Stephen,,Castro/Upper Market,37.76100958,-122.4435006,Entire home/apt,250,30,7,3/22/2018,1.25,1,206
11191951,Private Entry/En Suite Bath - Central Location,26700255,Matt And Jeff,,Castro/Upper Market,37.76384789,-122.443062,Private room,140,2,151,3/25/2018,5.94,1,113
13574259,Relaxing Home with Panoramic Views in Center of SF,30789097,Rachel,,Castro/Upper Market,37.76302826,-122.4418594,Entire home/apt,345,2,4,9/28/2017,0.22,1,103
6092049,Castro Oasis - Newly Re-done,31615642,Dan,,Castro/Upper Market,37.75607602,-122.4380114,Entire home/apt,228,1,210,4/1/2018,5.83,1,94
6543813,Quiet Sanctuary / Central Location,34224937,Leonard,,Castro/Upper Market,37.75689669,-122.4340231,Private room,124,2,61,3/23/2018,1.79,1,79
21561734,Beautiful home w/ views near Cole Valley/Castro,38717772,Nargues,,Castro/Upper Market,37.76148897,-122.445952,Entire home/apt,230,30,0,,,1,134
15621583,Beautiful Mission-Dolores Family-Friendly Condo,41578318,Bruce,,Castro/Upper Market,37.76401641,-122.427209,Entire home/apt,400,3,7,1/10/2018,0.6,1,0
10391569,Amazing view home in heart of SF,45853656,Chris,,Castro/Upper Market,37.7632316,-122.4442355,Entire home/apt,395,4,26,3/16/2018,0.96,1,318
10876562,Castro Condo with Stunning View,56349454,Madison,,Castro/Upper Market,37.75875461,-122.4351383,Entire home/apt,199,1,51,3/31/2018,2.08,1,19
12295920,Room near Dolores Park & J-Muni,65530935,Barry,,Castro/Upper Market,37.75800287,-122.429907,Private room,95,2,20,4/2/2018,0.84,1,28
22396902,"Charming Room, ""The Library"" in Duboce Triangle",72308207,Stephen,,Castro/Upper Market,37.76858574,-122.4334845,Private room,70,2,20,3/30/2018,6.9,1,10
22926606,"❤️STUNNING Dream Apartment ❤️  Heart of Castro, SF",154590447,Casey,,Castro/Upper Market,37.76053214,-122.4342852,Entire home/apt,250,3,1,3/23/2018,1,1,99
22328157,Castro / Corona Heights Charmer with a View (2 bd),163243187,Bryan,,Castro/Upper Market,37.76209376,-122.4412608,Entire home/apt,299,2,2,3/29/2018,0.69,2,31
23709477,Dolores Terrace,169165019,Thomas,,Castro/Upper Market,37.76305574,-122.426542,Entire home/apt,200,2,1,3/23/2018,1,1,149
18459919,"DREAMFORCE / SALESFORCE - San Francisco, CA",85132,Sanford,,Chinatown,37.79098773,-122.4065225,Private room,290,1,2,1/11/2018,0.4,10,360
17495199,The Sustainable SF Studio,7731819,Vanina,,Chinatown,37.79158129,-122.4078149,Entire home/apt,98,30,32,11/2/2017,2.42,1,0
2935400,Furnished Studio in Nob Hill incl. Util/WiFi/Cable,9965793,The Twist,,Chinatown,37.7907476,-122.4088168,Entire home/apt,90,30,5,2/15/2018,0.12,6,95
20024608,Nob Hill Timeshare Studio Condo - Great Location,55782784,Kevin,,Chinatown,37.79124142,-122.4064522,Entire home/apt,250,2,1,1/12/2018,0.35,9,127
20279076,"Nob Hill Timeshare Rental Condo - Sleeps 4, 2 Bath",55782784,Kevin,,Chinatown,37.79097443,-122.4067768,Entire home/apt,300,2,0,,,9,96
13884730,Studio hotel suite near Union Square & Nob Hill,70722023,Michael,,Chinatown,37.79152502,-122.4066066,Entire home/apt,95,2,46,3/22/2018,2.84,3,33
15716518,Urban Downtown 1 Bedroom,91214395,Randi,,Chinatown,37.79116448,-122.4059325,Entire home/apt,205,1,7,2/9/2018,0.49,1,248
153131,Condo with Deck in Sunny Part of San Francisco,736287,Geoff,,Crocker Amazon,37.70802988,-122.4268071,Private room,100,1,5,8/14/2017,0.06,1,231
845501,Bedroom with view in large house,4393613,Delores,,Crocker Amazon,37.70977896,-122.4307951,Private room,42,3,180,3/19/2018,2.83,3,38
1761977,Elegant bedroom overlooking garden,9261734,Rochelle,,Crocker Amazon,37.70741308,-122.4450533,Private room,68,1,18,1/16/2018,0.4,2,299
2628341,Visit SF in style. Private room. Gym. Parking.,9652582,Javier,,Crocker Amazon,37.70697769,-122.4361876,Private room,67,2,18,1/31/2018,0.95,4,282
17497939,"Private bedroom with TV, Wi-Fi & balcony in SF",9652582,Javier,,Crocker Amazon,37.70576142,-122.4424658,Private room,64,1,30,4/4/2018,3.23,4,278
21869189,Southern Hills San Francisco King Bed w/ balcony,9652582,Javier,,Crocker Amazon,37.7063162,-122.4438718,Private room,65,1,3,3/10/2018,0.87,4,273
3105409,CHARMING AND SPACIOUS WITH SF VIEW,15686249,Cleide,,Crocker Amazon,37.70763908,-122.4353752,Entire home/apt,390,1,20,7/4/2017,0.45,1,284
6377520,PEACEFUL SUITE,33239427,Estela,,Crocker Amazon,37.71289473,-122.4373266,Entire home/apt,147,2,48,4/1/2018,1.4,1,362
8662699,Private bedroom C near airport,41574587,Vienna,,Crocker Amazon,37.70627828,-122.4272181,Private room,50,1,171,3/29/2018,16.5,2,265
8356380,"Quiet Private Room - Studio Feel, Parking",44046204,Cheryl,,Crocker Amazon,37.71170189,-122.4345145,Private room,98,1,276,4/5/2018,9.73,1,166
12208498,Private junior suite close to SF,46638727,Snehi,,Crocker Amazon,37.70744412,-122.4286208,Private room,75,1,147,3/21/2018,6.15,1,211
16297254,"SF Comfy Flat w/Prkg, Laundry, & Yard!",80517551,Lily And Jacob,,Crocker Amazon,37.7054222,-122.4329966,Entire home/apt,179,1,82,3/28/2018,5.13,1,70
22754550,SFO Top Of The Hill Stunning San Francisco View,168055000,Nolan,,Crocker Amazon,37.70508499,-122.4407345,Entire home/apt,398,2,11,4/2/2018,6.47,1,20
23518269,"Gorgeous Views, 1bed /2bath, Relaxing Home",175665616,Kristine,,Crocker Amazon,37.70552008,-122.4345515,Entire home/apt,70,14,0,,,1,0
7682618,Private room/bath across from park,876150,Richard,,Diamond Heights,37.73606954,-122.4400109,Private room,275,3,19,8/10/2016,0.59,1,88
4318081,"Whole floor, private bath",1472764,Justin,,Diamond Heights,37.73601847,-122.4430162,Entire home/apt,158,1,5,3/23/2018,0.16,1,0
11950009,Private Bedroom with Entrance,2005348,Casey,,Diamond Heights,37.74531611,-122.440973,Private room,95,3,20,10/24/2017,0.82,1,352
16244433,Stunning Canyon View 1 Bedroom w/ Garage Parking,6703252,Jonathan,,Diamond Heights,37.74149317,-122.4415134,Entire home/apt,159,3,75,4/3/2018,5.34,1,75
5643083,"Very Private, Self-Contained Master Suite",10524921,Bryce,,Diamond Heights,37.74678355,-122.4424643,Private room,170,2,96,4/1/2018,6.23,1,55
3433930,Float above San Francisco,10622206,Paul,,Diamond Heights,37.74699097,-122.441557,Private room,96,3,133,3/27/2018,2.94,1,50
3512817,Room in Sunny Condo - Diamond Hts.,14766201,Tom,,Diamond Heights,37.74662607,-122.4426005,Private room,80,7,0,,,2,65
16872797,Quiet room w/ free parking. Last minute available,32363478,Marie,,Diamond Heights,37.74529044,-122.4468081,Private room,80,2,109,4/4/2018,7.77,2,81
15330348,Spacious.Free Parking.Own Entrance,97717942,Ping,,Diamond Heights,37.7414019,-122.4428318,Entire home/apt,110,1,182,3/18/2018,10.09,1,60
21785138,Residential hotel near Union Square SF room#1,115849,Hiromi,,Downtown/Civic Center,37.7870185,-122.4109658,Private room,120,7,0,,,8,84
21784407,Residential hotel near Union Square SF room#8,115849,Hiromi,,Downtown/Civic Center,37.7882865,-122.4111368,Private room,150,7,0,,,8,90
17419803,Residential hotel near Union Square SF room #9,115849,Hiromi,,Downtown/Civic Center,37.78866386,-122.4123188,Private room,108,32,2,5/22/2017,0.18,8,88
18333674,Residential hotel near Union Square SF room#4,115849,Hiromi,,Downtown/Civic Center,37.78882505,-122.411308,Private room,100,32,1,2/28/2018,0.79,8,93
10550345,Timeshare - Club Donatello Union-Sq,215446,Jacob,,Downtown/Civic Center,37.78946399,-122.4095898,Entire home/apt,225,2,2,3/21/2018,0.92,1,256
3402610,1BR in the heart of San Francisco,261115,Anelya,,Downtown/Civic Center,37.78517215,-122.4161511,Entire home/apt,175,2,58,3/30/2018,2.49,1,0
23884196,Sky Loft in DTSF,2369379,Reza,,Downtown/Civic Center,37.7766245,-122.4179561,Entire home/apt,350,1,1,4/1/2018,1,1,56
571115,SF Studio - 30 Day Minimum,2810557,Angie,,Downtown/Civic Center,37.77896844,-122.4193016,Entire home/apt,120,30,3,6/9/2014,0.05,1,365
1281167,Cool Timeshare/Hotel (Union Sq.),6346492,Dana,,Downtown/Civic Center,37.78729382,-122.4094366,Private room,180,1,167,10/25/2017,2.93,29,0
1684346,Studio Timeshare/Hotel (Union Sq.),6346492,Dana,,Downtown/Civic Center,37.7884024,-122.4093143,Private room,179,1,45,11/3/2016,0.83,29,0
8993289,Central Union Sq Nob Hill Studio,6346492,Dana,,Downtown/Civic Center,37.78726597,-122.410619,Private room,180,2,2,10/7/2016,0.11,29,0
2960229,Excellent Hotel/TS (Union Square),6346492,Dana,,Downtown/Civic Center,37.788873,-122.4091901,Private room,180,1,24,10/16/2017,0.56,29,0
9157940,Central SF Timeshare/Hotel (Un Sq.),6346492,Dana,,Downtown/Civic Center,37.78848217,-122.4106012,Private room,180,1,1,12/19/2015,0.04,29,0
2933899,Nice SF Hotel/Timeshare (Union Sq.),6346492,Dana,,Downtown/Civic Center,37.78890376,-122.4109817,Private room,180,1,24,9/30/2016,0.5,29,0
7958316,Downtown Timeshare/Hotel Studio USq,6346492,Dana,,Downtown/Civic Center,37.78769849,-122.4099117,Private room,180,2,6,9/2/2016,0.19,29,0
2937902,Stellar Hotel/Timeshare (Union Sq.),6346492,Dana,,Downtown/Civic Center,37.78846328,-122.4105468,Private room,180,1,18,9/23/2016,0.4,29,0
8033975,Downtown SF Hotel/TS Union Square,6346492,Dana,,Downtown/Civic Center,37.78749473,-122.4094851,Private room,180,2,2,8/24/2016,0.06,29,0
2959323,Fantastic Hotel/TS (Union Square),6346492,Dana,,Downtown/Civic Center,37.78800429,-122.4114577,Private room,180,1,10,10/25/2017,0.21,29,0
1483853,Super Hotel/Timeshare Union Sq.,6346492,Dana,,Downtown/Civic Center,37.78839085,-122.4093714,Private room,179,2,65,5/4/2017,1.18,29,0
1629740,Large Timeshare/Hotel Rm (Union Sq),6346492,Dana,,Downtown/Civic Center,37.78914611,-122.4096178,Private room,169,1,55,10/27/2017,0.99,29,0
19644702,Modern Nob Hill Lodging,9231945,Nate,,Downtown/Civic Center,37.78845112,-122.4121274,Shared room,65,1,51,4/2/2018,5.67,2,37
2111361,Civic Center Studio With Parking,10764661,Carlos & Graciela,,Downtown/Civic Center,37.78093071,-122.4200707,Entire home/apt,200,30,87,3/10/2018,1.68,1,331
2279254,"DONATELLO Hotel room, Union Square ",11638127,Dave,,Downtown/Civic Center,37.78780147,-122.4097767,Private room,219,1,12,10/5/2017,0.24,5,0
2658295,Four-Star Union Square Hotel,13309461,Tara,,Downtown/Civic Center,37.79003758,-122.4092141,Entire home/apt,299,1,12,10/3/2017,0.25,1,93
14551959,The Bartlett QUEEN,17042045,The Bartlett,,Downtown/Civic Center,37.78621658,-122.4095847,Private room,119,1,50,3/19/2018,2.6,25,10
12111841,The Bartlett QUEEN,17042045,The Bartlett,,Downtown/Civic Center,37.78739507,-122.408454,Private room,110,1,27,3/16/2018,1.17,25,0
14709523,The Bartlett QUEEN,17042045,The Bartlett,,Downtown/Civic Center,37.78707502,-122.409731,Private room,112,1,60,3/20/2018,3.12,25,4
6762434,THE BARTLETT QUEEN,17042045,The Bartlett,,Downtown/Civic Center,37.78718366,-122.4093882,Private room,110,1,54,3/11/2018,1.59,25,19
14487347,The Bartlett QUEEN,17042045,The Bartlett,,Downtown/Civic Center,37.78588525,-122.4095171,Private room,75,1,63,3/23/2018,3.23,25,10
3689632,Union Square Luxury Suite 201,18780326,Eleanor,,Downtown/Civic Center,37.78982336,-122.4111376,Private room,225,30,20,8/5/2017,0.46,2,362
21214891,Wyndham Canterbury - Fantastic Location,19803902,Lee,,Downtown/Civic Center,37.78813146,-122.4139338,Entire home/apt,350,2,2,1/11/2018,0.54,2,0
22376065,Wyndham Canterbury - Fantastic Location,19803902,Lee,,Downtown/Civic Center,37.78948005,-122.4131292,Entire home/apt,500,4,0,,,2,0
8202578,SF Hotel Studio: Union Square (3),22267033,Jennifer,,Downtown/Civic Center,37.78834708,-122.4111991,Entire home/apt,229,1,11,3/22/2018,0.36,21,361
7754018,Union Square Hotel Studio (4),22267033,Jennifer,,Downtown/Civic Center,37.78715916,-122.410577,Entire home/apt,249,1,6,11/10/2017,0.19,21,357
13914906,"SF Union Square, unbeatable location! (3)",22267033,Jennifer,,Downtown/Civic Center,37.78846484,-122.4098,Entire home/apt,239,1,9,11/10/2017,0.43,21,358
6883183,Elegant Union Square hotel room,23593310,Meimei,,Downtown/Civic Center,37.78722382,-122.4095551,Entire home/apt,195,2,19,9/30/2017,0.6,2,17
14197078,Posh Condo | short walk to Union Square | Gym,26482762,ResortShare1,,Downtown/Civic Center,37.78841007,-122.4124538,Private room,216,2,25,2/1/2018,1.32,17,315
15178460,Wyndham Canterbury 1 Bedroom Presidential (1),26482762,ResortShare1,,Downtown/Civic Center,37.78794811,-122.4139344,Entire home/apt,312,3,0,,,17,157
13618517,Superior Stay in Downtown near Dinning & Shopping,26482762,ResortShare1,,Downtown/Civic Center,37.78858803,-122.4137893,Entire home/apt,234,2,12,3/22/2018,0.58,17,250
7146663,Studio Suite at The Donatello Hotel,37425993,David,,Downtown/Civic Center,37.78831989,-122.4098202,Entire home/apt,499,3,1,10/7/2016,0.05,1,0
21579309,Inn at the Opera Hotel Room,47514427,Jeff,,Downtown/Civic Center,37.777878,-122.4225158,Private room,140,1,4,3/23/2018,1.38,15,196
13393846,Inn at the Opera 2 bathroom suite for four,47514427,Jeff,,Downtown/Civic Center,37.7776135,-122.4218278,Entire home/apt,195,1,18,3/25/2018,0.83,15,124
21583195,Inn at the Opera Hotel Room,47514427,Jeff,,Downtown/Civic Center,37.77918014,-122.4226213,Entire home/apt,140,1,13,3/23/2018,3.9,15,174
13264364,Studio at Donatello Hotel near Union Square,47514427,Jeff,,Downtown/Civic Center,37.7875227,-122.4095836,Entire home/apt,235,1,37,3/28/2018,1.66,15,207
23179561,Studio at Donatello Hotel near Union Square,47514427,Jeff,,Downtown/Civic Center,37.78819271,-122.4100965,Private room,235,1,1,3/21/2018,1,15,109
12981814,Inn at the Opera Hotel Room,47514427,Jeff,,Downtown/Civic Center,37.778003,-122.4216429,Entire home/apt,140,1,75,3/30/2018,3.29,15,158
17192720,Room R-23 with Bunk Bed for Three,50160697,Virgilio,,Downtown/Civic Center,37.78653642,-122.4144042,Private room,110,2,11,2/18/2018,1.02,8,217
17211646,Classic Single Room R-1 with Private Bath,50160697,Virgilio,,Downtown/Civic Center,37.78654192,-122.4146897,Private room,99,2,5,1/11/2018,0.38,8,23
10067187,1 Queen bedded room w/full bath,51659350,Wes,,Downtown/Civic Center,37.78876773,-122.4083022,Private room,125,5,43,1/2/2018,1.57,4,175
23020140,SAN FRANCISCO BOUTIQUE HOTEL-SLEEPS 2 OR 4,64646820,Michelle,,Downtown/Civic Center,37.77898906,-122.4217366,Private room,169,1,5,3/24/2018,2.54,13,29
17826459,Wyndham Canterbury 2 BR Presidential Reserve,67373986,Resort,,Downtown/Civic Center,37.78857753,-122.413739,Private room,420,2,1,11/9/2017,0.2,7,229
16426353,420 - Clean Hotel Room in PERFECT LOCATION,93714995,325,,Downtown/Civic Center,37.78843063,-122.4070188,Private room,79,1,84,4/2/2018,5.43,13,41
15218861,Modern CondoWYNDHAM CANTERBURY 1Bdrm w/kitchenette,96098402,Carrie,,Downtown/Civic Center,37.78811136,-122.4137369,Entire home/apt,399,3,4,1/11/2018,0.22,6,365
15207802,1Bdrm PRESIDENTIAL CONDO in Wyndham Canterbury,96098402,Carrie,,Downtown/Civic Center,37.78966651,-122.4118829,Entire home/apt,299,3,0,,,6,364
22011446,Wyndham Canterbury at San Francisco 1 bedroom,100238132,Michael,,Downtown/Civic Center,37.78848118,-122.4117809,Private room,229,3,0,,,4,338
22208187,Wyndham Canterbury at San Francisco 1 bedroom,100238132,Michael,,Downtown/Civic Center,37.78841959,-122.4134419,Private room,229,3,0,,,4,331
17864659,Private Room with shared bathroom in Hotel,103049007,Akshay,,Downtown/Civic Center,37.78637067,-122.4128229,Private room,70,1,9,8/13/2017,0.72,11,81
17387395,Room with 2 single beds & shared bathroom in Hotel,103049007,Akshay,,Downtown/Civic Center,37.78595987,-122.4141582,Private room,70,1,21,3/17/2018,1.55,11,77
19211844,Private Room with shared bathroom in Hotel,103049007,Akshay,,Downtown/Civic Center,37.78603525,-122.4139388,Private room,70,1,9,3/19/2018,0.97,11,69
17207000,Hotel Style Suite - includes breakfast!,115809271,Sarah,,Downtown/Civic Center,37.77795838,-122.4225122,Entire home/apt,75,2,0,,,2,0
17715373,Small Private at Vantaggio SF Jefferson Square,120752649,Vantaggio Suites,,Downtown/Civic Center,37.7808351,-122.4236308,Private room,60,32,1,4/11/2017,0.08,1,270
21790140,~NEW~ Cozy bedroom in Central SF Apartment,136406874,Alice,,Downtown/Civic Center,37.78895384,-122.4139744,Private room,99,1,34,4/5/2018,9.11,2,308
21123508,*Bright and Private Large Bedroom in Heart of SF!*,136429154,Laura,,Downtown/Civic Center,37.78820547,-122.4152334,Private room,99,1,28,4/3/2018,4.44,2,322
24191081,"Centrally located studio, walking distance to DT!!",150187034,Yutoliho,,Downtown/Civic Center,37.78207827,-122.4149356,Entire home/apt,220,1,0,,,3,136
23293457,Stratford Hotel Room Queen,173206762,Stratford,,Downtown/Civic Center,37.78604785,-122.4067824,Private room,79,1,0,,,63,1
15633213,Comfy Private Room in Artistic Mid-Century Home,1013332,Harry,,Excelsior,37.7255823,-122.4232352,Private room,119,2,44,3/25/2018,2.51,1,4
19020541,Brand new apartment in SF,1321274,Amy,,Excelsior,37.7303363,-122.4258263,Entire home/apt,135,3,41,3/31/2018,4.42,1,112
9926871,"SKY HOUSE for 2, w/Parking and private Bathroom",1462631,James,,Excelsior,37.72530881,-122.4062512,Private room,100,2,18,3/23/2018,0.74,2,28
10788469,"SKY HOUSE, for 6, 3 BR, w/parking",1462631,James,,Excelsior,37.72628632,-122.4046305,Entire home/apt,320,2,33,4/1/2018,1.24,2,19
474107,Two cozy rooms in an SF Edwardian home!,2318089,Inés,,Excelsior,37.72376078,-122.4292554,Private room,90,2,16,3/22/2018,1.87,1,160
21220773,Captain’s Room at Engine 43 firehouse + parking,3570084,Caro,,Excelsior,37.72063497,-122.4291681,Private room,60,1,49,4/1/2018,11.57,1,26
7281346,Charming single family home in SF,3572427,Alexis,,Excelsior,37.71903644,-122.4353732,Entire home/apt,300,4,41,3/31/2018,1.28,2,24
21648377,"4 BDR Victorian w/ 2 Kitchens, View and Yard",4030726,Michael,,Excelsior,37.7198667,-122.4362692,Entire home/apt,450,3,1,2/22/2018,0.67,2,248
7902108,2 Bedroom Outer Mission Victorian w/ Sunny Deck,4158043,Gwen,,Excelsior,37.72460587,-122.4325016,Entire home/apt,200,5,1,1/1/2017,0.06,2,0
794626,Beautiful Bernal Heights Apartment,4186663,Justin,,Excelsior,37.72924027,-122.4265298,Entire home/apt,120,2,165,3/22/2018,2.57,2,194
15070065,The Retreat,4249288,Annria,,Excelsior,37.72631814,-122.4297337,Entire home/apt,120,2,20,4/3/2018,1.09,3,325
4650391,Venetian Room in San Francisco,4249288,Annria,,Excelsior,37.72643568,-122.4286074,Private room,70,2,70,4/5/2018,1.76,3,331
1633225,Room with spectacular Bay views,8676376,Herbert,,Excelsior,37.72545413,-122.4188909,Private room,61,1,54,3/22/2018,0.99,4,19
12151600,Home with spectacular SF Bay views,8676376,Herbert,,Excelsior,37.72721589,-122.4195123,Entire home/apt,183,1,68,4/3/2018,2.81,4,13
16556338,Large bedroom with spectacular SF Bay views,8676376,Herbert,,Excelsior,37.72601597,-122.4193595,Private room,69,1,47,3/23/2018,3.07,4,21
11238527,Spacious Home in Quiet Neighborhood,14848396,Amy And Ben,,Excelsior,37.71792636,-122.4339329,Entire home/apt,280,2,13,9/4/2017,0.53,1,0
4654218,Private furnished room with a great view,24091826,Julian (Jack),,Excelsior,37.72593023,-122.4333719,Private room,59,2,94,3/18/2018,2.92,3,7
7828473,Private & Cozy Suite,26566788,Jacs & Steve,,Excelsior,37.71554266,-122.4360699,Private room,63,2,110,3/29/2018,3.45,1,262
20154622,Cozy Room in the Garden District with Breakfast,36377843,Lance And Marilyn,,Excelsior,37.72361485,-122.4086258,Private room,90,1,30,4/2/2018,5.84,1,257
20279527,"Spacious, comfortable private room in swanky house",51376902,Arun,,Excelsior,37.72556951,-122.4201218,Private room,69,2,42,4/4/2018,5.83,2,11
24136431,Modern custom designed house in residential area.,51376902,Arun,,Excelsior,37.72690612,-122.4200879,Entire home/apt,225,5,0,,,2,16
18507951,Room with Private Entry and Garage off Mission St,61593086,Diana,,Excelsior,37.7173689,-122.4306726,Private room,75,3,34,4/2/2018,3.26,1,74
13978865,2 Bedroom house w/street parking in San Francisco,79153344,Linda,,Excelsior,37.72493558,-122.4264951,Entire home/apt,96,5,4,11/25/2017,0.21,2,0
786492,Friendly Hostel with Community #8,329072,Darren & Friends,,Financial District,37.79420755,-122.4031047,Shared room,38,1,116,4/4/2018,1.77,16,23
12857087,Friendly Hostel with Community #12,329072,Darren & Friends,,Financial District,37.79454134,-122.4031492,Shared room,38,1,44,3/25/2018,1.88,16,33
70753,Friendly Hostel with Community #1,329072,Darren & Friends,,Financial District,37.79446982,-122.4045049,Shared room,38,1,282,4/1/2018,3.22,16,29
12857222,Friendly Hostel with Community #14,329072,Darren & Friends,,Financial District,37.79304397,-122.4032384,Shared room,38,1,73,4/4/2018,3.12,16,21
683020,Industrial SoMa Loft with Pvt Bath,3480578,Andrés,,Financial District,37.78938752,-122.3935891,Private room,115,3,87,3/24/2018,1.29,3,0
934102,SoMa Loft with Fireman's Pole ,3480578,Andrés,,Financial District,37.78600355,-122.3962109,Private room,105,2,79,3/27/2018,1.28,3,40
1978669,Downtown Loft Private Room + Bath,7722078,K,,Financial District,37.78922383,-122.4008274,Private room,110,30,9,10/2/2017,0.17,2,89
10333886,3 Bedroom in Jackson Square,16976670,Paul,,Financial District,37.79660817,-122.4028035,Private room,250,1,0,,,2,0
1206233,In the Heart of Haight/Ashbury #5,4677165,Ashirvadam,,Haight Ashbury,37.77027554,-122.4475732,Private room,79,1,274,4/3/2018,4.72,4,281
17482888,Luxurious private bed/bath in prime location,43033340,Vincent,,Financial District,37.78288009,-122.4014209,Private room,500,1,8,3/24/2018,0.61,1,17
16255081,"424 - Boutique, Unique Hotel Room in Union Square",93714995,325,,Financial District,37.78876624,-122.4051025,Private room,99,1,88,3/27/2018,5.44,13,55
15055277,501 - PERFECT LOCATION. 2 beds. Sleeps up to 4!,93714995,325,,Financial District,37.79029808,-122.4069347,Private room,129,1,88,4/3/2018,4.65,13,47
15132100,404 - Clean Hotel Room in PERFECT LOCATION,93714995,325,,Financial District,37.79009201,-122.4062875,Private room,109,1,112,4/6/2018,5.96,13,60
15953741,New high end business traveler apartment with gym,103581736,Chitra,,Financial District,37.78907957,-122.3933904,Entire home/apt,350,5,1,4/1/2017,0.06,1,3
77175,Private Studio w/ Kitchenette &Bath,395569,Tyler&Shoreh,,Glen Park,37.73838179,-122.4337516,Entire home/apt,135,3,225,3/31/2018,2.63,1,94
20245715,Light & art-filled apartment with a view,984013,Mary,,Glen Park,37.73718772,-122.4312665,Entire home/apt,150,2,3,11/6/2017,0.5,1,62
21291124,En-suite bedroom w/pvt entrance City Reg Pending,1895201,Amy,,Glen Park,37.73774734,-122.4338625,Private room,100,30,7,3/20/2018,1.46,1,37
992676,Tranquil Suite Oasis,3306715,Kate,,Glen Park,37.73484983,-122.4340654,Entire home/apt,135,1,430,3/24/2018,7.1,1,133
1133372,"Sunny & private 2-BD Victorian charmer, near BART",6217406,Tara,,Glen Park,37.73845909,-122.4295145,Entire home/apt,178,4,20,3/31/2018,0.59,1,5
20476066,Private Rm in Glen Park Loft! Walk to BART,7252485,Linda,,Glen Park,37.73685997,-122.429482,Private room,69,2,10,3/25/2018,1.32,2,323
9051457,"Modern, family friendly home with ping pong table",7337924,Lisa,,Glen Park,37.73490691,-122.4297651,Entire home/apt,445,3,3,1/1/2018,0.18,1,188
20500854,Stay in Notable SF Novelist's Flat,12878539,Janis,,Glen Park,37.73640434,-122.4282264,Entire home/apt,195,3,2,9/24/2017,0.29,1,6
17254515,Private bedroom and bathroom in single family home,14692056,Sabine,,Glen Park,37.73443709,-122.43298,Private room,100,3,11,10/10/2017,0.97,1,78
11100497,Elegant Victorian Cottage,35427233,Melanie,,Glen Park,37.73427344,-122.4362543,Entire home/apt,300,2,3,2/21/2017,0.11,2,0
23411237,"2B,  Family Friendly, SF, House and Large Garden",49453402,Sid,,Glen Park,37.73484892,-122.4365516,Entire home/apt,215,5,1,,,1,4
18935168,"Two-bedroom suite, your home in San Francisco",131840891,Laurence,,Glen Park,37.73558968,-122.4317737,Private room,198,2,15,9/10/2017,1.57,1,0
254953,Monthly Home at the Beach ! Near UCSF/ Vet Hosp.,1339470,Luxury,,Golden Gate Park,37.77027086,-122.5109053,Entire home/apt,165,185,2,1/17/2015,0.05,1,181
2694526,Beach Retreat @Golden Gate Park,10829039,Viviane&Lele,,Golden Gate Park,37.77255638,-122.4586692,Private room,125,2,129,3/23/2018,2.65,6,344
348714,Elegant Queen Ann Victorian,78610,George,,Haight Ashbury,37.77306533,-122.4429333,Entire home/apt,190,3,286,3/30/2018,3.92,1,136
20302991,Modern Top Floor NOPA Flat,326411,Michael,,Haight Ashbury,37.77210709,-122.4482218,Private room,150,2,7,3/24/2018,0.89,2,77
1633933,Rare Loft in Victorian house,484257,Jean-Michel,,Haight Ashbury,37.77014552,-122.4535283,Private room,119,2,64,3/24/2018,1.16,1,345
15392180,3 Cool Bedrooms in Cole Valley/Haight Ashbury Flat,739859,Jeff,,Haight Ashbury,37.76853262,-122.4482575,Private room,140,3,5,9/24/2017,0.51,2,196
213532,Haight Ashbury Experience Room 4,1032643,Josh,,Haight Ashbury,37.77084767,-122.4481135,Private room,78,1,317,3/23/2018,3.97,6,291
212783,Haight Ashbury Experience Room 1,1032643,Josh,,Haight Ashbury,37.77107886,-122.4494184,Private room,98,2,291,3/25/2018,3.64,6,312
14944663,Cole Valley Casa,1243792,Carolyn,,Haight Ashbury,37.76284609,-122.4495319,Entire home/apt,400,4,32,3/23/2018,2.05,2,234
1259611,Charming Studio in Haight Ashbury,1352817,Margo,,Haight Ashbury,37.77076477,-122.4393501,Entire home/apt,185,30,122,3/22/2018,2.17,1,275
10574350,LARGE Room in SF NEW Apartment,1821071,Ariel,,Haight Ashbury,37.76630984,-122.4516006,Private room,130,2,52,3/31/2018,2.04,2,275
9877717,Immaculate and Bright Edwardian,2463835,Ryan,,Haight Ashbury,37.7742023,-122.4488975,Entire home/apt,185,1,66,3/23/2018,2.64,1,6
10455187,"Large, newly-remodeled NOPA studio",2559230,Tjarko,,Haight Ashbury,37.77352018,-122.4433455,Entire home/apt,200,30,21,12/25/2017,0.84,1,221
10720392,Family Friendly Home in The Haight,3227512,Kyla,,Haight Ashbury,37.7709907,-122.4479602,Entire home/apt,175,5,3,3/12/2018,0.15,1,2
1768239,Stunning Views2 near Haight&Castro!,3685746,Deb & Greg,,Haight Ashbury,37.76357224,-122.4458117,Entire home/apt,160,30,37,9/19/2017,0.68,2,365
1499843,Bedroom in stylish NOPA flat,3695323,Ruth,,Haight Ashbury,37.7759454,-122.4397117,Private room,180,1,10,3/29/2018,0.23,2,245
754117,Amazing flat in Haight Ashbury,3967658,Ryan & Tricia,,Haight Ashbury,37.77046385,-122.447715,Entire home/apt,135,30,117,6/13/2017,1.8,1,296
4993804,Beautifully 1880's Victorian,4195316,Greg,,Haight Ashbury,37.7759118,-122.4387732,Entire home/apt,775,3,46,2/9/2018,1.22,1,100
1203526,In the heart of Haight/Ashbury # 3 STR,4677165,Ashirvadam,,Haight Ashbury,37.77139092,-122.4472949,Private room,99,1,148,3/23/2018,2.54,4,301
1206184,In the Heart of Haight/Ashbury # 4,4677165,Ashirvadam,,Haight Ashbury,37.77112586,-122.4461646,Private room,89,1,205,3/23/2018,3.5,4,315
21162785,2BDR in heart of  SAN FRAN,37070223,Fred,,Nob Hill,37.79288083,-122.4102821,Entire home/apt,195,3,0,,,2,228
2816626,Beautiful Victorian,6310896,Jenny,,Haight Ashbury,37.76835879,-122.4481167,Entire home/apt,350,3,6,7/29/2017,0.13,1,132
1336798,4 BR Victorian-1 blk from Shopping!,7249327,Roger And Judith,,Haight Ashbury,37.77128369,-122.4482286,Entire home/apt,400,30,93,8/25/2017,1.62,1,288
2736358,Garden Retreat steps from Haight St,8638224,Sara,,Haight Ashbury,37.76746465,-122.4448272,Entire home/apt,185,2,215,3/30/2018,4.52,1,173
4695477,Private Garden Studio near UCSF,8812791,Maria,,Haight Ashbury,37.76611756,-122.4517365,Entire home/apt,139,2,121,4/2/2018,3.08,2,23
3053443,Queen Bedroom in beautifully restored Edwardian,9177164,Beth,,Haight Ashbury,37.7752657,-122.4442173,Private room,95,1,3,3/25/2017,0.22,4,0
3122882,Friendly Inviting Room in NOPA,10354038,Kara,,Haight Ashbury,37.77566961,-122.4460764,Private room,140,2,108,3/30/2018,2.29,1,115
2738331,1 bdrm Haight Ashbury apt w/ garden 30 to 90 days,14011603,Flip,,Haight Ashbury,37.76917574,-122.4500037,Entire home/apt,99,30,118,3/4/2018,2.61,1,278
3757966,Cozy Quiet Gorgeous Cole Valley Apt,17088398,Margaret,,Haight Ashbury,37.76223407,-122.4496653,Entire home/apt,200,30,29,11/9/2017,0.65,1,255
16073836,Beautiful traditional house in Ashbury Heights,19861970,Dennis,,Haight Ashbury,37.76418565,-122.4448269,Entire home/apt,700,3,28,3/30/2018,1.87,1,279
8155106,Ashbury Heights Elegant Flat,20856424,James,,Haight Ashbury,37.76731365,-122.4457972,Private room,175,1,51,3/21/2018,1.62,1,350
6289857,Former b&b in the heart of S.F.,23942099,Robert Stern &,,Haight Ashbury,37.76081178,-122.4471165,Private room,125,2,32,3/4/2018,0.91,5,350
17233693,Spacious Entire Top Floor in Haight Ashbury,34985576,Cristina,,Haight Ashbury,37.76977196,-122.4506117,Entire home/apt,210,2,14,3/6/2018,1.01,1,0
6812179,Beautiful Two Story Victorian Condo,35663027,Brian,,Haight Ashbury,37.76978381,-122.4448995,Entire home/apt,450,2,8,11/25/2017,0.25,1,0
19813728,Private Room in Grand Victorian!,40536296,Mustapha,,Haight Ashbury,37.77210803,-122.4403374,Private room,235,2,1,7/24/2017,0.12,2,365
14553693,Charming Cottage in Haight-Ashbury Garden,47941100,Syd,,Haight Ashbury,37.77062533,-122.4373063,Entire home/apt,160,3,78,3/28/2018,3.91,1,247
9972077,Quiet Luxury in Central San Francisco,47980391,Michael And Kraig,,Haight Ashbury,37.76122501,-122.4509505,Entire home/apt,150,2,31,3/11/2018,1.2,1,2
20309567,3 bedrooms & private bath in Cole Valley Victorian,67830390,Victoria,,Haight Ashbury,37.76719885,-122.4495227,Entire home/apt,250,2,4,11/10/2017,0.67,4,0
15468915,Kings Landing!,99270779,Jamin,,Haight Ashbury,37.77180796,-122.4448389,Entire home/apt,399,3,1,1/12/2017,0.07,2,169
21310703,2BR San Francisco Condo by Golden Gate Park!,103104686,Evolve Vacation Rental,,Haight Ashbury,37.77262738,-122.4473879,Entire home/apt,308,5,1,11/9/2017,0.2,2,240
22310307,Shared Hostel Room in Warm Co-op: Friends Bunks,117141107,Tobie,,Haight Ashbury,37.76886357,-122.4491551,Shared room,50,1,6,3/31/2018,3.1,16,248
21026964,"Earth Bunk, Peacock Room: Cozy Bed in Shared Room",117141107,Tobie,,Haight Ashbury,37.76873268,-122.4508959,Shared room,50,1,16,4/1/2018,2.59,16,250
18794629,Friends - Private Bedroom for 3 in Cozy Community,117141107,Tobie,,Haight Ashbury,37.76921994,-122.4510682,Private room,90,2,34,3/9/2018,3.39,16,238
21112601,Sweet Haight Ashbury Suite Room #1,123485258,Joe,,Haight Ashbury,37.76959824,-122.4513741,Private room,199,2,0,,,4,0
4956697,Sunny 2 BR / 1 BA  Garden Apt - Separate Entrance,266139,Mike,,Inner Richmond,37.77818258,-122.476454,Entire home/apt,125,2,139,4/2/2018,3.57,1,295
2455325,"AMAZING, CHIC & STYLISH SF HOME",331649,Mariam,,Inner Richmond,37.78502161,-122.4653023,Entire home/apt,295,1,166,1/10/2018,3.32,1,335
234394,Central+Spacious San Francisco Flat,946616,Alex,,Inner Richmond,37.78448988,-122.461881,Entire home/apt,195,3,37,3/31/2018,0.48,2,68
256176,Private entrance bd/bath by GG Park,976125,Eva,,Inner Richmond,37.77579194,-122.455045,Private room,100,2,217,3/28/2018,2.79,1,338
13239272,Spacious 3 BR Flat in Fantastic Neighborhood,1099605,Meghan,,Inner Richmond,37.77642684,-122.4775305,Entire home/apt,400,2,4,4/1/2018,0.2,1,132
8717641,Beautiful Private Garden Apt. Nr. Golden Gate Park,2597104,Toni,,Inner Richmond,37.77859399,-122.4673537,Entire home/apt,175,4,110,4/4/2018,3.75,1,215
7726184,Lovely 2 Bedroom,4097204,William,,Inner Richmond,37.77959731,-122.4700363,Entire home/apt,275,2,16,10/23/2016,0.49,1,0
11305302,A Friendly Room UCSF/USF - San Francisco,21994,Aaron,,Inner Sunset,37.7654923,-122.4532128,Private room,69,32,2,8/27/2016,0.09,7,365
1687330,Home Away from Home,6954280,Christine,,Inner Richmond,37.78454795,-122.4752043,Entire home/apt,190,1,39,3/17/2018,0.72,2,8
2023326,Perfectly Located Beautiful Home,7292289,Robert,,Inner Richmond,37.78341641,-122.4694116,Entire home/apt,500,5,3,7/25/2017,0.07,2,169
16219958,1 Spacious Bedroom+1 Sofabed ~ Golden Gate Park,7479539,Igor,,Inner Richmond,37.77876943,-122.4740691,Private room,80,2,95,4/2/2018,6.74,3,265
20195883,Large 2 Room+Bath Guest Suite with Great Views,7934590,Joyce,,Inner Richmond,37.77959766,-122.4544222,Entire home/apt,280,2,14,2/27/2018,1.77,2,27
22516752,Twin Share in a Trending Neighborhood,8119896,Patsy,,Inner Richmond,37.78076844,-122.4590761,Shared room,70,1,0,,,5,0
22515755,Twin bed private room in Trendy Location,8119896,Patsy,,Inner Richmond,37.7825495,-122.4589772,Private room,129,1,0,,,5,0
22468044,Private King ensuite with private patio.,8119896,Patsy,,Inner Richmond,37.78181939,-122.4594683,Private room,239,1,0,,,5,0
3792754,Golden Gate Park Charmer!,8876828,Angie,,Inner Richmond,37.77785978,-122.4656774,Entire home/apt,250,2,31,2/26/2017,0.73,1,91
6269649,Quaint Garden Apt @Golden Gate Park,10829039,Viviane&Lele,,Inner Richmond,37.77505787,-122.4637732,Entire home/apt,375,30,8,1/10/2018,0.25,6,91
14057062,Garden Bedroom-Bathroom-Kitchenette,11244704,Chip,,Inner Richmond,37.77714109,-122.4667579,Private room,125,2,22,1/20/2018,1.06,1,247
2349816,Beautiful Garden Entry for your stay,11883320,Kim,,Inner Richmond,37.78134124,-122.4554522,Entire home/apt,420,2,10,3/11/2018,0.2,7,344
2677273,unique private getaway apartment,13707610,Roy And Patti,,Inner Richmond,37.78591489,-122.4769162,Entire home/apt,180,2,82,3/22/2018,1.72,1,247
12831488,Charming cottage next to USF,16256969,Indre,,Inner Richmond,37.78058746,-122.4482733,Entire home/apt,400,2,6,2/12/2018,0.28,1,31
5561522,Tranquil hide away in the city,28832610,Petra,,Inner Richmond,37.77568224,-122.4599688,Entire home/apt,199,3,67,3/11/2018,1.92,1,302
19987657,♡private tiny getaway♡,30449479,Hiromi,,Inner Richmond,37.7760286,-122.456904,Entire home/apt,110,2,62,4/3/2018,7.72,1,6
11531128,2BR Family Home next to Park,37917550,Rayannah,,Inner Richmond,37.77558346,-122.4551883,Entire home/apt,289,2,66,4/2/2018,2.96,1,146
9347891,Garden Apartment With Private Entry Near GG Park,48513979,Chris,,Inner Richmond,37.77421533,-122.4677324,Entire home/apt,135,3,136,4/2/2018,4.72,1,30
13362637,4 bedroom/1.5 near Golden Gate park,48629082,Mindy,,Inner Richmond,37.77481241,-122.4564624,Entire home/apt,299,31,47,2/21/2018,2.19,2,71
10364499,"Bright, Stylish Inner Richmond Getaway",53342580,Heather,,Inner Richmond,37.78321802,-122.4741436,Entire home/apt,155,2,107,4/2/2018,4.65,1,34
10830317,Inner Richmond Two Bedroom Edwardian,56080171,Catherine,,Inner Richmond,37.77500142,-122.4667468,Entire home/apt,199,2,4,7/5/2017,0.2,1,10
13149975,"Lone Mountain, USF Condo",73356825,Drew,,Inner Richmond,37.77695877,-122.4551351,Entire home/apt,150,30,51,1/1/2018,2.48,1,30
19829957,3 Bed/2 Bath near GG Park!,102257666,Bri,,Inner Richmond,37.77843139,-122.4642208,Entire home/apt,350,2,3,2/4/2018,0.34,2,0
18212346,Large Edwardian home w/ parking; parks & museums,125735523,Diane,,Inner Richmond,37.78393569,-122.4785244,Entire home/apt,450,4,3,7/14/2017,0.31,1,15
20059569,"Private Room in Super Convenient Area, Room A",127638239,Ching Ho,,Inner Richmond,37.7835879,-122.4635291,Private room,80,1,51,4/4/2018,6.07,3,144
20906522,"Private Room in Super Convenient Area, Room B",127638239,Ching Ho,,Inner Richmond,37.7831963,-122.4618972,Private room,80,1,47,4/2/2018,7.09,3,143
19387334,Charming Richmond Private Suite,135909237,Larry,,Inner Richmond,37.77815586,-122.4697835,Private room,150,2,27,3/30/2018,2.84,2,333
14996188,Private suite with bath near UCSF and GGPark,1492583,Suzanne,,Inner Sunset,37.75848941,-122.4702271,Entire home/apt,125,2,103,4/4/2018,5.72,1,14
6870555,"Master Bedroom w/ 2 Beds, Private Bath, Parking",1532097,Kimmy,,Inner Sunset,37.75253277,-122.4697185,Private room,115,1,134,3/23/2018,3.99,2,295
819863,Gorgeous Luxury Honeymoon Suite,4306242,Michael And Polina,,Inner Sunset,37.75948589,-122.4683949,Entire home/apt,125,3,21,3/17/2018,0.43,2,76
3720392,Golden Gate Park Orange Studio UCSF,5020218,Kelly,,Inner Sunset,37.76099144,-122.4652097,Entire home/apt,141,2,187,3/18/2018,4.25,2,19
17813890,House (2500 sqft)  - 3 bdrs (for a family up to 7),5340374,Julien,,Inner Sunset,37.7649926,-122.4625057,Entire home/apt,400,2,9,10/8/2017,0.9,1,0
16975571,Mountain Side SkyNest,8633884,Allyson,,Inner Sunset,37.75939814,-122.4599014,Entire home/apt,329,2,12,4/3/2018,0.9,1,127
10336775,"Stylish, clean, safe & quiet flat - walk to GGP!",9598998,Vivian,,Inner Sunset,37.7566532,-122.4660211,Entire home/apt,315,2,12,3/12/2018,2.07,1,239
10035487,Charming 1 BR in Inner Sunset,11346187,Raghni,,Inner Sunset,37.76403289,-122.4680273,Entire home/apt,145,3,169,3/24/2018,6.12,1,122
18358523,"Lovely Cole Valley Home, Peaceful Garden",12087025,Chandani,,Inner Sunset,37.76345509,-122.455805,Entire home/apt,167,2,2,9/25/2017,0.24,1,5
9905129,Sunny Cole Valley Home - Easy access to GG Park,15318952,Elizabeth,,Inner Sunset,37.76162512,-122.4521343,Entire home/apt,500,2,7,1/1/2018,0.35,1,31
9150423,"Near UCSF, MUNI, Golden Gate Park",16468110,Charles,,Inner Sunset,37.76466621,-122.4556111,Private room,110,2,3,6/24/2016,0.11,1,271
15422181,Shared Room in Inner Sunset by UCSF & Golden Gate,21430100,Khanh,,Inner Sunset,37.76363644,-122.4582623,Shared room,45,1,153,3/20/2018,8.64,2,303
5151423,A Garden Suite near GG Park & UCSF,21573962,Lily,,Inner Sunset,37.76541131,-122.4721055,Private room,144,2,59,3/24/2018,1.68,1,21
5696895,Inner Sunset 2BR/1BA Sleeps 6,29536420,Claudia,,Inner Sunset,37.7617236,-122.4748753,Entire home/apt,195,3,191,3/31/2018,5.17,1,12
7038488,Our family home is your SF home base,36905321,Heather,,Inner Sunset,37.76463108,-122.474559,Entire home/apt,215,6,8,11/25/2017,0.51,1,0
20931156,Alyson’s Room by Golden Gate Park (shared kitchen),68432368,Brian,,Inner Sunset,37.76462116,-122.4694885,Private room,71,1,12,3/27/2018,2.45,3,149
14760041,Bright and Spacious Lower 2BD Flat Inner Sunset,92031637,Kimberley,,Inner Sunset,37.76314929,-122.4700771,Entire home/apt,215,2,6,3/31/2018,0.57,1,36
18639196,Brand New! Charming & Cozy SF Hideout - Room D,128943312,Victor & Christiana,,Inner Sunset,37.75029969,-122.4742502,Private room,69,1,57,3/24/2018,5.64,4,159
18810290,1BR 1BA Garden Apt blocks from Golden Gate Park,129618781,Eileen,,Inner Sunset,37.75860792,-122.4761771,Entire home/apt,125,2,23,3/25/2018,2.4,2,152
22449620,"Modern, clean and central to many amenities.",161356867,Charlie,,Inner Sunset,37.76330538,-122.4556641,Private room,120,1,1,3/27/2018,1,6,1
3498457,"Garden View, Free WiFi Private Room",2497401,Daniel,,Lakeshore,37.71593972,-122.4794167,Private room,86,30,2,11/11/2017,0.07,1,289
647360,"Stylish, Comfortable Apartment Close to Twin Peaks",3245648,Eric & Peter,,Lakeshore,37.73100215,-122.4793206,Entire home/apt,225,1,155,3/26/2018,2.29,1,256
1076748,Private room (1floor) San Francisco,5911635,Maya,,Lakeshore,37.70650369,-122.482757,Private room,95,4,14,1/8/2018,0.25,2,202
22786440,Clean Family Home Between SF & SFO 5 Beds 2 Baths,7204241,Beau,,Lakeshore,37.70554323,-122.4807351,Entire home/apt,299,2,1,3/22/2018,1,4,176
3015450,"Comfortable and Private, parking & breakfast, bus",10374153,Inna,,Lakeshore,37.73350913,-122.4869133,Private room,87,2,137,3/29/2018,5.09,1,164
21799501,Cozy SF Lakeshore Home with Lake Merced View,48409007,Miranti,,Lakeshore,37.73108626,-122.4910265,Private room,200,29,13,3/28/2018,4.64,1,6
19368789,Quality Cute Suite 1Br/1Ba Prvt Entry w Parking,62034618,Ting Ting,,Lakeshore,37.72863063,-122.4915327,Entire home/apt,69,1,30,3/30/2018,3.13,3,223
17806044,"SPACIOUS, BEAUTIFUL AND AMAZING LOCATION HOME",88054748,Dora,,Lakeshore,37.73409873,-122.4798811,Entire home/apt,295,30,18,2/19/2018,1.72,2,364
18827284,Direct access private room/en-suite bath near SFSU,131100978,Joel,,Lakeshore,37.73203648,-122.4825507,Private room,88,2,15,3/23/2018,1.53,1,72
23544397,Modern Room with Private Bathroom + Balcony,145405692,Helen,,Lakeshore,37.73392126,-122.4737297,Private room,150,1,6,4/5/2018,6,5,1
18685676,Bohemian Apartment with Rooftop & Kittens,305223,Tim,,Marina,37.80539393,-122.436639,Private room,95,3,9,1/2/2018,,1,0
1598886,With an eyeshot of GGB.,528080,Kp,,Marina,37.79715261,-122.429583,Private room,95,4,67,3/12/2018,1.21,2,136
19808052,Large King Bedroom w/ Shared Bath near Marina,930744,Alison,,Marina,37.79749858,-122.4362601,Private room,99,1,27,3/30/2018,3.02,4,53
5572169,Master Suite Golden Gate Bridge views Private Deck,930744,Alison,,Marina,37.7987191,-122.4355601,Private room,149,1,138,3/30/2018,3.83,4,43
3290739,"Queen Bdrm w/ Pvt Bath, near Marina,walk everywher",930744,Alison,,Marina,37.798592,-122.436238,Private room,119,1,205,3/24/2018,4.51,4,37
200663,Greenwich sanctuary ,981454,Alev,,Marina,37.79704808,-122.4470677,Entire home/apt,190,3,29,4/5/2018,0.97,1,248
334886,Marina Designer Showplace SPECIAL COSY RM,1700823,Jennifer,,Marina,37.80432485,-122.4460138,Private room,140,2,119,9/30/2017,1.62,4,335
504146,★ Iconic Marina Waterfront ★ Walk/Bike Score 94+,2486135,Laura,,Marina,37.80594399,-122.4378257,Entire home/apt,269,2,50,4/1/2018,0.74,2,237
14427529,Best Location and Views in San Francisco,3000799,John,,Marina,37.79724309,-122.4319387,Entire home/apt,250,3,24,3/23/2018,1.22,1,0
4097700,SWEET  Suite BAKER Street,3594968,Caroline,,Marina,37.79826482,-122.445477,Entire home/apt,190,4,2,11/11/2017,0.33,1,358
1151109,Contemporary SF home with roofdeck,6308697,Bella,,Marina,37.79966288,-122.4379502,Entire home/apt,630,3,11,8/9/2017,0.43,1,21
1364882,Elegant Modern Convenience - Marina/Cow Hollow,7408876,Corin,,Marina,37.79917575,-122.4388388,Entire home/apt,329,30,52,3/22/2018,1.46,2,254
23485650,Luxurious Cow Hollow Loft. Bright. View.,13673257,Gino & Charlotte,,Marina,37.79647047,-122.4360525,Entire home/apt,350,1,9,4/2/2018,9,1,33
20618671,"Sophisticated, Light-Filled Marina Apartment",18110703,Brendan,,Marina,37.80217783,-122.4388575,Entire home/apt,250,2,5,2/19/2018,0.77,1,8
4631873,Hotel Pac Hgts Queen Free Car ParkB,20850212,Young,,Marina,37.79785833,-122.425715,Entire home/apt,99,1,118,3/5/2018,2.87,15,0
4059549,Hotel Pac Hgts 2 Bed Free Car ParkC,20850212,Young,,Marina,37.79792837,-122.4252742,Entire home/apt,129,1,151,3/17/2018,,15,227
4359078,Hotel Pac Hgts 2 Bed Free Car ParkD,20850212,Young,,Marina,37.79753173,-122.425342,Entire home/apt,129,1,174,3/16/2018,4.14,15,232
6169292,Hotel Pac Hgts 2 Bed Free Car ParkA,20850212,Young,,Marina,37.79747893,-122.4256636,Entire home/apt,129,1,130,3/20/2018,3.72,15,3
17687799,Gorgeous Marina Master Bedroom close to Waterfront,21891534,Gaurav,,Marina,37.80419417,-122.4281461,Private room,150,1,50,3/14/2018,4.52,1,52
15132855,Own Floor of Grand Marina Waterfront Home,53614586,Erin,,Marina,37.80515335,-122.4357017,Entire home/apt,225,2,65,4/5/2018,3.56,2,40
10897864,Jr 1 Bedroom Cow Hollow Marina,56475702,Russ,,Marina,37.79822197,-122.4409512,Entire home/apt,150,30,40,2/5/2018,1.52,1,330
17587530,"Spacious Studio - In the Heart of the ""Marina""",119481494,L.,,Marina,37.8009012,-122.4389524,Entire home/apt,195,30,17,10/16/2017,1.4,1,39
18957138,Modern Luxury Condo in Cow Hollow,131316530,Kim,,Marina,37.79747862,-122.4289412,Private room,550,2,16,3/17/2018,1.88,2,86
22770155,Sunny&Stylish Room steps from Palace of Fine Arts,150314785,James,,Marina,37.80162048,-122.4451241,Private room,150,2,5,3/31/2018,5,1,228
22250004,Newly Updated Studio in the Heart of the Marina!,162576754,Kevin,,Marina,37.79879897,-122.4302453,Entire home/apt,165,2,9,2/7/2018,2.7,1,63
5299461,Bunk bed in the Treat Street Clubhouse,23278,Zain And Duncan,,Mission,37.75852594,-122.4133371,Shared room,55,2,154,3/23/2018,4.01,8,52
11442567,Central Mission Potrero 1BED-1BATH,38836,Bernat,,Mission,37.76515227,-122.4058378,Entire home/apt,114,3,22,4/1/2018,2.15,3,230
2611820,Mission 1 Bed Apt + Bed in Liv Rm 4 Blocks to BART,101521,Red,,Mission,37.75931575,-122.4212085,Entire home/apt,190,3,14,8/10/2017,0.28,1,223
621292,February Dolores Park Sublet,115340,Kelly,,Mission,37.76111246,-122.417166,Entire home/apt,120,30,9,12/1/2017,0.13,1,310
663623,Grand victorian flat in mission SF,119920,Gwen,,Mission,37.75797189,-122.4096018,Entire home/apt,240,2,9,10/30/2017,0.2,1,0
8105974,"Sunny&Quiet 2BDR loft, Top location",155250,Simone,,Mission,37.75842278,-122.4119598,Entire home/apt,358,2,20,3/25/2018,0.63,1,66
62651,GORGEOUS SAN FRANCISCO HOME,185923,Agnieszka,,Mission,37.762455,-122.4243211,Entire home/apt,810,3,44,3/24/2018,0.54,1,322
20805606,Hip Danish modern San Francisco town house,196335,Philipp,,Mission,37.75503168,-122.4067588,Entire home/apt,300,2,6,2/18/2018,0.96,1,150
501057,Spacious 2BR Mission home close to 24th st,407871,Penelope,,Mission,37.74946151,-122.4091694,Entire home/apt,295,2,42,4/1/2018,0.6,1,18
16846851,Spacious Bedroom in the Mission,427156,Tania,,Mission,37.75773211,-122.4104305,Private room,125,1,5,11/22/2017,0.41,2,0
20997356,Amazing gallery studio in the Mission,456552,Santiago,,Mission,37.75993474,-122.4124133,Entire home/apt,110,2,22,3/24/2018,3.65,2,2
15470227,1 BR Cottage Close to Mission Awesomeness,487372,Rachel,,Mission,37.75958581,-122.4100011,Entire home/apt,185,2,16,3/26/2018,0.92,1,8
748222,Sunny Room Heart of the Mission!,516404,Michael And Yesica,,Mission,37.75621226,-122.4155464,Private room,120,1,494,3/30/2018,7.51,2,279
778520,Incredible place in hippest SF hood,529581,Sc,,Mission,37.76845124,-122.422279,Private room,129,4,80,3/11/2018,1.32,1,338
21252598,"Sunny, spacious 3BR Mission District flat",545357,Jenny,,Mission,37.75804873,-122.4100302,Entire home/apt,200,2,2,2/4/2018,0.64,2,0
1388523,Mission Dolores Noe Valley Studio One Month Min,549522,Steve & Debbie,,Mission,37.75526258,-122.4249664,Entire home/apt,125,30,41,9/12/2017,0.73,1,362
17497608,Mosaic Garden Flat,624646,Lucille,,Mission,37.75483328,-122.4141813,Entire home/apt,220,1,15,3/30/2018,1.19,1,164
23568099,Cozy guestroom in the Mission,657074,Gerald,,Mission,37.75161459,-122.408969,Private room,80,2,0,,,1,47
9130888,Mission Sanctuary | Private Room 1,744614,Michel,,Mission,37.75727525,-122.4084888,Private room,95,4,70,2/23/2018,2.44,2,52
1931788,Room in Large Flat in the Mission,836750,Jim,,Mission,37.75167976,-122.4197924,Private room,135,2,71,4/1/2018,1.82,1,347
20286823,Room in Victorian Home in the Heart of the Mission,963387,Michael,,Mission,37.75511007,-122.4181671,Private room,75,2,26,4/2/2018,6.09,2,23
20828695,San Francisco Beautiful 1 Bedroom Mission Condo,1021169,Emily,,Mission,37.76804532,-122.4184296,Entire home/apt,225,2,0,,,1,35
279184,Historic 3 Bed/2 Bath Apartment,1456262,Justin,,Mission,37.75290497,-122.4155266,Entire home/apt,575,5,9,7/6/2017,0.12,2,47
285755,Modern in the ❤ of the Mission District!,1487274,Mina,,Mission,37.7539485,-122.4191725,Private room,115,3,79,3/28/2018,1.04,1,162
21741257,"Mission Victorian Home - King Bed, Private Bath",1539714,Fred,,Mission,37.75493603,-122.4138712,Private room,350,2,0,,,2,22
9149812,Large master bedroom with fireplace,1552636,Olivia,,Mission,37.75740921,-122.40796,Private room,103,5,93,4/2/2018,3.15,1,311
325478,Spacious & artsy 2br Dolores Park flat,1579337,Markus,,Mission,37.76065417,-122.4241354,Entire home/apt,315,4,91,1/16/2018,1.22,1,18
802839,Lovely 3 Bedroom Edwardian in Mission Dolores,1705463,Lenny And Arin,,Mission,37.75924925,-122.4230581,Entire home/apt,300,3,20,3/11/2018,1.13,1,9
423300,"Garden-level Unit--very large, spacious & modern",1776403,Ken,,Mission,37.75635095,-122.4099599,Entire home/apt,114,1,17,1/21/2018,0.25,3,226
18841477,"Cozy, Light Room in Edwardian Mission Flat",1819112,Beverly,,Mission,37.75081621,-122.4074988,Private room,85,5,8,3/14/2018,1.11,3,301
23421931,Location!Location!Location! Bedroom in central apt,1908798,Tal,,Mission,37.77146016,-122.4238321,Private room,80,1,4,4/6/2018,3.53,3,4
4525604,Cozy double in Mission Victorian,1937186,Omar,,Mission,37.75056813,-122.4104266,Private room,116,2,81,4/1/2018,1.96,2,19
20077154,小巧安静的房间,66385869,Bobby,,Outer Mission,37.72549878,-122.440416,Private room,78,2,0,,,5,365
17237843,Ukulele Room,2283942,Leon,,Mission,37.75072533,-122.4081529,Private room,59,1,30,3/18/2018,2.36,3,237
468751,"2 bedroom garden flat, heart of SF",2326926,Terrance,,Mission,37.76717016,-122.4241889,Entire home/apt,230,3,21,4/3/2018,0.3,1,1
1511076,Private Sunny Living Room + BDRM (2 RMS),2403646,Jefferson+Gary,,Mission,37.76346479,-122.4250033,Private room,145,2,255,3/27/2018,4.55,1,95
1655446,4BD Noe Valley/Mission Victorian VIEW Masterpiece,8776667,Jessica,,Mission,37.75292236,-122.4231987,Entire home/apt,539,4,92,3/23/2018,1.67,1,322
7151287,"Spacious, Modern 3-BR Victorian",3186175,Chris,,Mission,37.75109863,-122.421503,Entire home/apt,300,3,7,8/6/2017,0.22,1,5
23860141,Mission Central! Spacious modern two bedroom.,3191493,Anthony,,Mission,37.75880164,-122.414566,Entire home/apt,250,2,0,,,2,0
664307,Private Room: Escape to the Mission,3355966,Geoff,,Mission,37.75291582,-122.4187473,Private room,99,2,305,3/25/2018,4.48,2,311
715543,Marie's sunny spacious Mission loft,3676663,Catherine Marie,,Mission,37.76374505,-122.4124976,Entire home/apt,180,30,4,9/4/2014,0.06,1,270
1863316,Very Spacious Sunny Mission Room,3713398,Yong,,Mission,37.76908911,-122.4217075,Private room,75,2,44,2/16/2018,0.87,2,1
726657,Mission Flat w/Deck&Garden,3761768,Christian,,Mission,37.76284331,-122.4244322,Entire home/apt,322,3,12,11/10/2017,0.19,2,0
18350662,Large Bedroom (2 full beds) & bath,3839305,Michael,,Mission,37.75816072,-122.4164964,Private room,140,1,6,12/31/2017,0.56,3,133
13815224,"Modern, Bright Mission District 2bed/2bath Condo",3839305,Michael,,Mission,37.75754868,-122.4168523,Entire home/apt,350,1,46,3/23/2018,2.17,3,104
20905918,"Spacious, Sunny Mission Loft with Outdoor Patio",3909478,Chester,,Mission,37.76028681,-122.4118896,Private room,250,5,18,2/19/2018,2.73,1,161
16208102,Large designer 2bd/2bth apartment with own yard,3916222,Marshka,,Mission,37.7571262,-122.4108266,Entire home/apt,355,4,13,1/1/2018,1.02,1,10
23326164,Classic Victorian Mission 1 Bedroom,3926117,Matthew,,Mission,37.75536074,-122.408688,Entire home/apt,100,2,2,3/22/2018,2,1,3
19504960,Sunny modern Victorian with garden,3982938,Madeleine,,Mission,37.75421784,-122.4169736,Entire home/apt,250,2,3,1/6/2018,0.67,1,0
765914,"Gorgeous Mission Loft, Great Light!",4038852,Garry,,Mission,37.75691789,-122.4111644,Entire home/apt,399,3,26,2/24/2018,0.4,1,313
859310,Queen Bedroom with Full Bathroom,4367968,Xarre & Vanya,,Mission,37.75696702,-122.420192,Private room,135,31,7,8/18/2017,0.11,1,168
1840105,Warm and Modern 3 bd/3ba Beautiful Mission Condo,4865404,Huyen (Aka Toni),,Mission,37.74840665,-122.4135362,Entire home/apt,450,3,19,4/3/2018,0.37,1,112
22846194,Top floor in heart of the mission,4962767,Joseph,,Mission,37.76143685,-122.4207926,Private room,140,2,1,3/2/2018,0.81,1,17
3883252,Private studio in the sunny Mission,5162952,Lauren,,Mission,37.7682904,-122.424787,Entire home/apt,166,1,140,4/2/2018,3.17,1,6
18416182,Lovely Mission Room,5400914,Bar,,Mission,37.74873061,-122.4110893,Private room,85,3,0,,,4,0
991765,Country living in the Mission!,5446518,Jennifer,,Mission,37.75570344,-122.4115061,Entire home/apt,250,3,33,8/6/2017,0.56,1,91
18107901,Wonderful Mission Room (w/ Bath) - 4min to BART!,6136360,Jeff,,Mission,37.75164127,-122.41633,Private room,119,2,81,4/1/2018,6.71,4,3
15860884,Perfect Room for Solo Traveler - 4 min to BART!,6136360,Jeff,,Mission,37.75338894,-122.4147882,Private room,79,2,120,4/5/2018,7.05,4,3
1154506,"Private room-In the Mission, 3 blocks from BART",6327082,Joanne,,Mission,37.76670376,-122.4182613,Private room,60,5,112,3/18/2018,1.9,3,279
3727061,Beautiful 3 bedroom apartment,6334749,Tim,,Mission,37.75510678,-122.4151479,Entire home/apt,425,2,121,4/5/2018,2.7,2,242
17652643,Sunny Single Bed Room in 1890 Victorian flat,6414607,Jeana,,Mission,37.75511427,-122.4168168,Private room,96,6,20,3/26/2018,1.81,2,330
1667732,Sunny room w/ views in Mission,6913393,Tammy & Gabriel,,Mission,37.75511411,-122.4100007,Private room,120,1,24,1/22/2018,0.44,1,296
7345170,Mission/Noe Valley Painted Lady/Katz House Rm 2of3,7212456,Jack & Christina,,Mission,37.75034972,-122.4245763,Private room,210,3,10,3/23/2018,0.32,3,360
1339473,Heart of the Mission!,7263779,Jason,,Mission,37.75440053,-122.412507,Entire home/apt,230,6,48,3/25/2018,1.07,1,320
13299858,★ San Fran Favorite/Just Off Market St. Deck & BBQ,7630810,Michael,,Mission,37.77018261,-122.4239837,Entire home/apt,289,1,24,11/21/2017,1.1,2,14
1421671,★All You Need & Want/You're Just Off Market Street,7630810,Michael,,Mission,37.77009123,-122.4234146,Entire home/apt,90,2,68,12/26/2017,1.21,2,51
9480122,"Modern, Cozy Room with Fireplace in Condominium",7919623,Marc,,Mission,37.75135009,-122.4235024,Private room,140,7,24,11/27/2017,0.91,2,274
21476067,Entire flat in the heart of the Mission/Valencia!,8568648,Vera,,Mission,37.75907886,-122.4223321,Entire home/apt,285,4,12,4/1/2018,2.4,1,15
17973795,"Unique Temple in luxury Mission apt, roof deck",9151990,Roxy,,Mission,37.76042321,-122.4257385,Private room,130,1,13,2/15/2018,1.06,3,19
23173614,Spacious Victorian - Vibrant Walkable Neighborhood,10412467,Andy,,Mission,37.75413438,-122.4110783,Private room,100,1,18,4/6/2018,9.15,2,77
21847778,Spacious Victorian | Vibrant Walkable Neighborhood,10412467,Andy,,Mission,37.75404989,-122.4098455,Private room,120,1,28,3/31/2018,10.63,2,64
7004802,"2 br sunny apartment, heart of SF",10534054,Thomas,,Mission,37.76998771,-122.4226806,Entire home/apt,245,3,28,2/20/2018,0.85,1,95
18751912,Elegant 1BR Apartment / Central Mission Perch,12366731,Benjamin,,Mission,37.75941825,-122.4181117,Entire home/apt,202,7,2,7/9/2017,0.21,1,0
19527133,Cozy Mission/Liberty HIll Modern Private Studio,12865730,Aaron,,Mission,37.75554278,-122.4220156,Entire home/apt,125,2,10,3/30/2018,1.46,1,89
7350876,Spacious room in Dolores Park flat,12995524,Sara,,Mission,37.76108383,-122.425571,Private room,149,3,6,5/16/2016,0.19,3,23
7351575,Single bedroom in Dolores Park flat,12995524,Sara,,Mission,37.76012321,-122.4250197,Private room,99,3,10,9/14/2016,0.31,3,23
8557304,Beautiful Mission District Flat,13526095,Kelli,,Mission,37.75345967,-122.4107124,Entire home/apt,190,3,86,3/23/2018,2.83,1,302
7020637,Great Mission appartment with friendly cat,13872501,Birgit,,Mission,37.753686,-122.4226111,Entire home/apt,150,1,22,4/1/2018,4.31,1,0
20694904,Calm Private Room in Modernized Mission Edwardian,15028456,Jane,,Mission,37.74887144,-122.4190587,Private room,68,1,3,4/3/2018,0.54,3,10
3030653,Quiet Mission Studio,15436573,Lindsay,,Mission,37.76709594,-122.4241492,Entire home/apt,130,2,308,3/26/2018,6.49,1,33
15233175,Private and Cozy 2BR in the Heart of the Mission,16064491,Austin,,Mission,37.75301914,-122.4108601,Entire home/apt,125,30,57,12/20/2017,3.13,1,23
9590125,Registered historic mansion,17018577,William,,Mission,37.75719643,-122.4236225,Private room,129,1,55,3/30/2018,2.93,1,346
3434710,DT VIEWS / 20th Valencia Corridor / Dolores / SVN,17309843,A,,Mission,37.75908236,-122.418195,Entire home/apt,120,30,26,8/26/2017,0.58,2,328
21280089,The Perch @ Valencia Street,17968214,David,,Mission,37.76977466,-122.4259866,Private room,95,3,6,3/23/2018,1.06,2,4
3636904,Ideal 1-Bedroom Apt. in SF Mission,18342035,Lisa,,Mission,37.76852808,-122.4220284,Entire home/apt,140,2,50,4/1/2018,1.17,1,4
3946571,Historic Mission District Victorian,20452861,Dr. Elizabeth,,Mission,37.75819708,-122.41983,Private room,115,2,209,11/12/2017,4.79,1,342
6378495,"Oasis Sunny Vibrant Mission, loft",22434504,Chan Young,,Mission,37.75821116,-122.4196859,Private room,89,30,116,1/30/2018,3.3,1,250
10494263,Penthouse Mission Apartment,22736515,Lizette,,Mission,37.75628493,-122.4234923,Private room,150,1,27,4/4/2018,3.01,1,315
6481492,Sunny Mission 2BR Home w Garden access,23073793,Sasha,,Mission,37.7552773,-122.4104774,Entire home/apt,349,3,3,3/5/2017,0.09,2,95
5413930,Classic 2BR/1BA House in Mission,24153978,Doris,,Mission,37.7651071,-122.4220663,Entire home/apt,214,4,104,3/22/2018,2.77,1,93
8459807,"2 bedrooms, 4 beds Mission Valencia",27964266,Dominic,,Mission,37.75829739,-122.419475,Private room,220,4,9,10/1/2017,0.3,3,158
14571205,"""The Japan Room""  in Mission District House",29483318,James,,Mission,37.75006196,-122.407914,Private room,85,1,113,4/3/2018,5.67,3,56
21216395,Modern Mission District Studio with New Futon Bed,29483318,James,,Mission,37.74987283,-122.4087398,Private room,120,1,31,4/5/2018,6.04,3,29
6092596,Mission Dolores Suite,31603026,Marc,,Mission,37.76379627,-122.426143,Entire home/apt,174,1,332,4/5/2018,9.82,1,62
10729757,Travel Dot's Noe Valley Guest Retreat!,31660859,Dorothy,,Mission,37.75028888,-122.4249481,Private room,99,1,57,3/25/2018,2.81,1,54
18308937,Modern private room & bath in the Mission!,33668144,Paul,,Mission,37.75215296,-122.416438,Private room,200,3,3,11/9/2017,0.5,1,0
7085722,"Calm, blue room in the Mission",35025523,Laurence,,Mission,37.76204798,-122.4078979,Private room,89,2,93,2/22/2018,2.79,1,22
9006949,Upscale Urban-Chic Modern Garden Apt-Mission Area,36430208,Annabella,,Mission,37.7556114,-122.4102182,Entire home/apt,142,3,16,4/1/2018,3.31,1,93
20803354,Mission Victorian,36574074,Sion,,Mission,37.75356842,-122.4207648,Private room,95,1,65,3/30/2018,9.7,1,28
22262908,Spacious Private Bedroom in Heart of Mission,48002603,Kevin,,Mission,37.76274001,-122.4131742,Private room,125,1,1,2/1/2018,0.45,1,86
9545064,1 BR in Classic SF Victorian,49431904,Matthew & Melissa,,Mission,37.75072511,-122.4149275,Private room,109,1,163,3/6/2018,5.99,1,274
11674758,Newly Remodeled Flat near trendy Valencia Street,61995035,Pete And Ivan,,Mission,37.76563516,-122.4174603,Private room,135,2,104,3/8/2018,4.7,3,308
21294317,Stay in the Heart of San Francisco,68366081,Keith,,Mission,37.77072201,-122.4248708,Private room,130,1,6,3/26/2018,1.19,1,12
13712441,Single Room in the popular Valencia Corridor area,75980345,Virginia,,Mission,37.75612889,-122.4214271,Private room,100,2,5,8/7/2016,0.24,1,0
18898768,Guerrero St. Getaway,80126102,Molly,,Mission,37.74886407,-122.4226312,Private room,135,2,37,3/30/2018,3.7,1,110
19832188,Beautiful mission victorian flat,84316056,Christian,,Mission,37.76336163,-122.4161385,Entire home/apt,280,2,3,8/14/2017,0.34,1,0
20638574,"Come see, feel, and hear this 2bed 2bath flat!!!",91399082,Muna,,Mission,37.76798913,-122.417813,Entire home/apt,350,1,2,11/12/2017,0.34,1,14
18238265,Sunny Mission Treehouse- 2Br&2Ba - Family Friendly,93042993,Alan & EV,,Mission,37.76133635,-122.4136803,Private room,385,3,16,3/13/2018,1.35,1,316
19413636,Penthouse Living in the Vibrant Mission District,120435565,Brian & Angela,,Mission,37.75066813,-122.4127476,Private room,89,1,31,3/30/2018,3.48,3,294
19411476,Modern Luxury in the Heart of the Mission District,120435565,Brian & Angela,,Mission,37.75190086,-122.4110093,Private room,84,1,31,3/30/2018,3.89,3,299
18125983,"#302 - Private room ""Python"" for Hackers/Hustlers",121362098,Bed|N|Build 4,,Mission,37.76956151,-122.425544,Private room,50,30,0,,,1,281
21526852,Stylish cozy space with private entrance,156446034,Guadalupe,,Mission,37.75929176,-122.4116837,Entire home/apt,175,5,5,3/24/2018,3.57,1,133
23582172,Modern Flat - City Center!,174079016,Alena,,Mission,37.76906919,-122.4225812,Entire home/apt,250,2,2,3/22/2018,2,2,69
23566706,Upscale One Bedroom + Private Bath,174079016,Alena,,Mission,37.76742371,-122.4243003,Private room,275,3,0,,,2,85
7226841,Charming Private Room in PRIME SF location!,872803,Nadia,,Nob Hill,37.79286727,-122.4160927,Private room,95,2,100,3/26/2018,3.06,1,137
14206695,Stylish Nob Hill;  Mid Century Modern; Parking,985427,Meredith,,Nob Hill,37.79183141,-122.4103843,Entire home/apt,140,30,4,1/27/2017,0.22,1,95
21644424,Private 1BDR near Polk Street,1182900,Jeduan,,Nob Hill,37.79255603,-122.4197331,Private room,68,2,8,3/29/2018,4.21,1,40
5117701,"Brand New, Quiet, Luxury Apartment",1671976,Stefan,,Nob Hill,37.79372185,-122.4100362,Entire home/apt,269,3,149,4/3/2018,3.97,1,90
9201385,Charming Studio in Nob Hill,2066798,Sandra,,Nob Hill,37.79291263,-122.4154393,Entire home/apt,145,5,11,2/19/2018,0.55,1,6
545585,PENTHOUSE in PERFECT LOCATION w/VIEWS,2682061,Jose,,Nob Hill,37.79709452,-122.4103305,Private room,140,30,83,8/19/2017,1.48,4,300
6448545,3BR MODERN PENTHOUSE w/BEST SF VIEWS!,2682061,Jose,,Nob Hill,37.79533074,-122.4120096,Entire home/apt,436,30,18,12/10/2017,0.53,4,300
13491912,Russian/Nob Hill-Modern- 2bdr/2ba Pvt Rooftop Gem!,4033604,A.M.,,Nob Hill,37.79608762,-122.4172393,Entire home/apt,300,2,1,7/8/2016,0.05,1,10
1110346,"Chic,Central,Priv.Bath Room",4758567,Stella,,Nob Hill,37.7914932,-122.4152878,Private room,98,2,195,3/20/2018,3.42,1,56
23240636,"Sunny Loft Apt in Awesome, Fun, Neighborhood",6690873,Chen-Chen,,Nob Hill,37.79160329,-122.4222644,Entire home/apt,150,1,1,4/2/2018,1,1,45
21172612,"Nob Hill Hideaway, Sunny Courtyard & Private Patio",6854135,Danielle,,Nob Hill,37.78937342,-122.4191184,Entire home/apt,300,1,2,3/18/2018,1.76,1,11
21592518,"Entire 2 BD Apt, Nob Hill, perfect location",7849115,Guy,,Nob Hill,37.79501133,-122.4170531,Entire home/apt,250,2,5,4/1/2018,1.49,1,311
11973518,A Nob Hill Modern Apartment,10298264,Hadi,,Nob Hill,37.7938424,-122.4183825,Private room,129,30,44,2/9/2018,1.8,1,179
3354004,1 Bedroom North Beach SF,12265488,Pete,,Nob Hill,37.79576823,-122.4114131,Private room,65,30,30,2/23/2018,0.86,1,235
3144147,Spacious + Bright Classic Nob Hill,13413759,Emay,,Nob Hill,37.79501658,-122.4147916,Entire home/apt,140,30,5,9/30/2017,0.11,1,131
5666413,Nob Hill Hideaway 1,13471395,Josh,,Nob Hill,37.79077951,-122.4093472,Entire home/apt,110,30,7,3/3/2018,0.21,3,271
12463556,"Luxurious, Modern Bedroom, Views.",13499994,Nick,,Nob Hill,37.7943922,-122.4110466,Private room,150,1,3,6/21/2017,0.13,2,96
3522119,Modern 1 bedroom in Nob Hill,17736231,Katya,,Nob Hill,37.79291508,-122.4177573,Entire home/apt,200,30,135,3/20/2018,2.98,1,180
20591785,Spacious 1 bedroom condo w/ roofdeck in Nob Hill,25824429,Ehson,,Nob Hill,37.79279469,-122.4153734,Entire home/apt,200,30,15,4/3/2018,2,1,321
19441673,"Charming Nob Hill Studio, Close to Everything",26258035,Jay,,Nob Hill,37.79022901,-122.4133088,Entire home/apt,160,2,7,2/18/2018,0.75,1,0
21298993,Nob Hill Room w/ Workspace Near Dtown & USquare!,27368404,Eddie,,Nob Hill,37.79534546,-122.4107763,Private room,69,2,18,4/2/2018,3.12,4,196
10041491,Nice private bedroom in Nob Hill,40712622,My,,Nob Hill,37.79315241,-122.4156071,Private room,79,30,131,3/2/2018,4.83,1,55
17760993,Beautiful 1 Bedroom Condo ★ Dinning & Shopping,67373986,Resort,,Nob Hill,37.78961324,-122.4135453,Private room,234,2,8,2/8/2018,0.65,7,314
13095952,"Beautiful, Clean and Cozy Apartment in Nob Hill",72722573,Eamonn,,Nob Hill,37.79601577,-122.4100284,Entire home/apt,219,3,85,4/1/2018,3.81,1,131
19806140,CHARMING PRIVATE ROOM AND BATH NEAR UNION SQUARE,75169542,Lidia,,Nob Hill,37.79120377,-122.410107,Private room,110,1,38,4/1/2018,4.63,1,56
16088064,"Sunny Top Floor Large Flat 5 bed/3 bath, Nob Hill.",75323230,Joe,,Nob Hill,37.79021558,-122.4163233,Entire home/apt,600,2,69,4/4/2018,4.31,2,84
18091317,San Francisco Nob Hill Luxury Flat,124594492,Ross,,Nob Hill,37.79349916,-122.414588,Entire home/apt,450,3,37,3/29/2018,3.14,1,246
20936934,New Listing - Private Bedroom w/ en suite bath #6,136470616,Jessica,,Nob Hill,37.7898525,-122.4122029,Private room,69,1,35,3/18/2018,7.89,5,254
19499099,TINY HOUSE ON NOB HILL,136792470,Carmen,,Nob Hill,37.79543312,-122.4106665,Entire home/apt,325,1,15,3/24/2018,1.7,2,220
23378956,Classic Large Apartment in the heart of Nob Hill,172910990,Stephanie,,Nob Hill,37.79513015,-122.4138048,Entire home/apt,200,2,3,3/18/2018,2.73,1,99
3506164,The Emerald Garden,46,Elizabeth,,Noe Valley,37.751263,-122.4260601,Entire home/apt,175,2,249,3/23/2018,5.52,1,36
12271773,Noe Garden Hot Tub 1BR Apartment,38836,Bernat,,Noe Valley,37.7481025,-122.4297703,Entire home/apt,199,3,26,4/4/2018,1.19,3,243
108535,Canto Uccello,127367,Annette,,Noe Valley,37.74877853,-122.4261578,Entire home/apt,120,30,14,1/5/2018,0.17,20,365
39174,Bette's New Place,127367,Annette,,Noe Valley,37.74830167,-122.424885,Entire home/apt,107,30,20,8/25/2017,0.25,20,340
770991,Charming one bedroom in Noe Valley,258005,Rose,,Noe Valley,37.74258505,-122.4280415,Entire home/apt,141,3,142,4/5/2018,2.2,1,76
9112879,Short Term Executive Housing,377070,Charles And Ann,,Noe Valley,37.74858743,-122.4337957,Entire home/apt,800,5,6,3/4/2017,0.23,1,177
4384518,Huge 3BR Noe Craftsman Designer's Home + Yard,423348,David,,Noe Valley,37.7418861,-122.4299183,Entire home/apt,299,3,28,3/17/2018,1.48,1,55
15662917,The Homestead,775963,Eileen,,Noe Valley,37.75024826,-122.4383702,Private room,115,2,69,4/2/2018,4.41,1,271
17287731,Bright & Spacious BR in Noe Valley Home,1097396,Danna,,Noe Valley,37.75327098,-122.4384121,Private room,70,3,1,6/5/2017,0.1,3,0
10889831,Large Bright Private Room in Noe Valley home,1097396,Danna,,Noe Valley,37.75377588,-122.4384543,Private room,125,3,55,12/18/2017,2.2,3,76
14576746,Hidden Cottage in Noe Valley,1154836,Ginger,,Noe Valley,37.75137693,-122.4327948,Entire home/apt,200,1,12,3/4/2018,0.64,2,338
307837,"Lovely, garden studio apartment",1583952,Ellen,,Noe Valley,37.75131,-122.4369962,Entire home/apt,159,7,44,3/25/2018,0.61,1,210
567239,Peaceful  Noe Valley Refuge,1772044,Judy,,Noe Valley,37.74472431,-122.4369879,Private room,95,2,476,4/3/2018,6.83,1,74
17751058,Private Guest Suite in lovely Noe Valley,2079555,Jennifer,,Noe Valley,37.75349045,-122.431385,Entire home/apt,163,2,28,4/1/2018,4.06,1,53
11942127,Bright Condo with Nice Views & Deck,2798147,Marie,,Noe Valley,37.7430714,-122.4303353,Entire home/apt,260,2,9,12/29/2017,0.39,1,26
4678599,"Sunny Victorian House, Kids Welcome, Clean, Modern",3092240,Cooper,,Noe Valley,37.74951021,-122.4394747,Entire home/apt,195,4,9,4/1/2018,0.33,1,9
12116877,Victorian Flat - Vacation/Corporate,3383219,Linin,,Noe Valley,37.74948121,-122.4299751,Entire home/apt,425,30,42,12/6/2017,1.81,1,343
6344096,"Large room, conv. loc. w/ views",3588642,Ambrish,,Noe Valley,37.75194506,-122.4406828,Private room,105,21,2,7/6/2015,0.06,2,257
728884,Spacious 2BR in Noe with Parking,3729230,Grace & Steve,,Noe Valley,37.75305421,-122.4346487,Entire home/apt,300,2,84,3/30/2018,3.19,2,267
4653332,Sunny 1BR Apt in Noe w/ parking,4237211,Nathan,,Noe Valley,37.74310857,-122.4294179,Entire home/apt,160,5,10,5/30/2017,0.26,1,0
898833,"Cozy Private Rm with large family rm, kitchenette",4501070,Polina,,Noe Valley,37.74473644,-122.4273097,Private room,62,30,17,11/19/2017,0.28,2,279
1106534,Private Cottage in Noe Valley with parking!,6074928,Rachel,,Noe Valley,37.74552714,-122.4380539,Entire home/apt,240,31,92,1/3/2018,1.58,1,321
7161543,Charming Noe Valley Edwardian Flat,6390533,Yedda,,Noe Valley,37.75338173,-122.4312845,Entire home/apt,250,2,22,2/20/2018,0.68,1,77
6090770,Elegant Noe Valley,7433098,Aljosha,,Noe Valley,37.74260516,-122.4289086,Private room,100,31,8,11/15/2017,0.22,2,279
4874052,Gorgeous Sunny Spacious Private 2BR,7466708,Debra,,Noe Valley,37.75077987,-122.4395153,Entire home/apt,275,3,26,3/22/2018,0.67,1,128
10347570,Large Modern Loft in Noe Valley,8541411,Vidhu,,Noe Valley,37.75304918,-122.4366792,Entire home/apt,165,3,100,3/22/2018,3.69,2,27
18916321,Victorian Vacation Home,8585109,Thea,,Noe Valley,37.74417434,-122.4325752,Private room,112,2,33,3/21/2018,3.15,2,127
8353031,Prime Noe Valley View Home,10063447,Lori,,Noe Valley,37.74680282,-122.4311623,Entire home/apt,425,2,28,3/23/2018,1.8,1,307
2412158,Spectacular View Home in Noe Valley,12328050,Rae,,Noe Valley,37.74868819,-122.43213,Entire home/apt,220,30,31,3/8/2018,1.46,1,302
23578500,A Noe Valley MUST!,13202171,Carlos,,Noe Valley,37.7494544,-122.4324272,Entire home/apt,350,1,3,4/1/2018,3,1,15
6331695,Cozy Place in Noe Valley,14063841,Danielle,,Noe Valley,37.74206855,-122.4306852,Entire home/apt,188,1,216,3/19/2018,6.32,1,94
6870420,Beautifully renovated Victorian,14097113,Kristen,,Noe Valley,37.75323221,-122.435879,Entire home/apt,1100,5,8,8/15/2017,0.24,1,122
3230459,garden studio apartment,16402896,Alison,,Noe Valley,37.74247415,-122.4249913,Entire home/apt,140,3,86,3/28/2018,1.87,1,292
9882522,Large Private bedroom/bath in Noe Valley.,17781427,Allen,,Noe Valley,37.75362594,-122.4269637,Private room,85,1,34,3/20/2018,1.26,1,142
20635517,"1900 Edwardian; Noe Vly w/Twin Peaks View, 2 bdrm",18151037,Valerie,,Noe Valley,37.75376028,-122.4356539,Private room,260,2,0,,,9,230
5632275,PRIVATE 1BR  FLAT w/ PATIO - heart of sunny Noe,20672353,Sarah,,Noe Valley,37.75437318,-122.4295364,Entire home/apt,165,30,115,2/18/2018,3.18,1,208
9067632,Sunny twin bedroom overlooks garden,20953000,Amy,,Noe Valley,37.74389699,-122.4254731,Private room,72,1,113,3/31/2018,3.83,1,117
8195090,Charming studio w kitchen and bath,21815368,Abby,,Noe Valley,37.75377499,-122.4419746,Entire home/apt,135,2,143,4/4/2018,5.46,1,108
16703040,510A Diamond Street Flat,22016917,Teri And George,,Noe Valley,37.75339507,-122.4374282,Entire home/apt,247,3,36,3/19/2018,2.58,1,212
5364086,"Large Bright Apartment, Great Neighborhood!",22379731,Jonah,,Noe Valley,37.75213026,-122.4409738,Entire home/apt,275,30,29,11/17/2017,0.79,1,49
9752333,Noe Valley Garden Ste Private Entry,22498293,Peg And Jeff,,Noe Valley,37.74382765,-122.4320502,Entire home/apt,135,1,230,4/5/2018,8.3,1,189
16456337,Tangerine Dream:  Modern Noe Valley Retreat,22664977,Manuel,,Noe Valley,37.74983125,-122.4386032,Private room,72,2,76,3/25/2018,5.02,1,6
22608611,Shared Room Close to public transit Noe Valley,26932354,Ali,,Noe Valley,37.74853844,-122.4265498,Private room,129,3,0,,,1,0
10058059,Charming cozy condo in Noe Valley!,27460984,Elyse,,Noe Valley,37.75297548,-122.4395734,Entire home/apt,175,30,33,1/17/2018,1.4,1,332
5749181,Noe Valley Studio Made For Business Travelers!,29047273,Nora,,Noe Valley,37.74721673,-122.4350664,Entire home/apt,215,2,55,3/30/2018,1.57,1,150
14949545,Noe Valley Edwardian close to 24th Street,34464345,Tom,,Noe Valley,37.74515135,-122.4294941,Entire home/apt,350,3,26,4/1/2018,1.42,1,83
8869066,Noe Valley Victorian guest suite with kitchen,46423886,Andrew,,Noe Valley,37.75319489,-122.4380541,Entire home/apt,190,1,55,3/28/2018,1.82,1,128
16052484,Luxurious Noe Valley Victorian,55971219,Ronald,,Noe Valley,37.75261461,-122.4310824,Private room,150,1,13,3/29/2018,0.86,1,71
7244861,AMAZING Telegraph Hill View Apt 5min to Fisherman,2044,Guy,,North Beach,37.8032268,-122.4080863,Entire home/apt,219,30,5,9/8/2015,0.15,1,309
32802,Garden Flat in Telegraph Hill,141990,Bosco,,North Beach,37.79834682,-122.4046102,Entire home/apt,195,4,27,9/9/2017,0.29,1,35
14684733,Tel Hill/North Beach Studio: LOCATION LOCATION,805377,Ruth,,North Beach,37.80062753,-122.4060789,Entire home/apt,183,1,26,2/24/2018,1.32,1,62
308885,North Beach Best Location and View,1588855,Arbe,,North Beach,37.79954216,-122.4067874,Entire home/apt,225,30,107,10/13/2017,1.57,1,364
485245,North Beach/Telegraph Hill Room in Sunny Flat,2401961,Simon,,North Beach,37.80332338,-122.4107557,Private room,99,30,37,12/15/2017,0.52,1,223
13465756,Private Room in Quiet Apartment—Fun Neighborhood,3584706,Benjamin,,North Beach,37.79848834,-122.4069897,Private room,92,30,1,12/22/2017,0.28,1,356
18567881,Amazing Views - Entire Place,4106299,Henna,,North Beach,37.80310432,-122.4038498,Entire home/apt,350,1,13,3/22/2018,1.51,2,68
8163114,Best Location in the City - Monthly,4624470,Sri,,North Beach,37.80082916,-122.4052129,Entire home/apt,206,30,13,4/13/2017,0.42,1,148
3182798,Motor Yacht Grand Banks 42 - Pier 39 San Francisco,4966974,Edward,,North Beach,37.80738324,-122.4094443,Entire home/apt,208,2,72,3/27/2018,1.55,3,274
1174537,SF Tower Suite on Telegraph Hill,6428420,Victoria,,North Beach,37.80068025,-122.405491,Entire home/apt,300,30,13,3/9/2018,0.23,2,273
12410151,Penthouse Apt in Heart of North Beach w/rooftop,11491132,Paul & Heather,,North Beach,37.79855328,-122.4075299,Entire home/apt,235,30,35,5/5/2017,1.5,1,364
15194432,SHARED Room Crypto Community Experience Bed B,12176788,Jean-Loïck & Louis,,North Beach,37.80121793,-122.4084412,Private room,80,31,10,9/3/2017,0.62,3,260
17651619,Room within steps of cable cars and the Wharf!,19584367,Elisa,,North Beach,37.80462628,-122.4153648,Private room,60,30,26,1/2/2018,2.03,3,20
4025466,Cozy Double Bed Hotel w/Shared Bath,20870285,San Remo,,North Beach,37.80478951,-122.4140347,Private room,159,1,15,2/1/2018,0.56,3,212
4887475,Private Bunk Bed Room @SF Hostel #1,22931450,Sarah,,North Beach,37.79872137,-122.4041221,Private room,83,1,40,3/4/2018,1.04,22,228
4902365,Dorm Beds @ Social SF Hostel #8,22931450,Sarah,,North Beach,37.7993326,-122.4062857,Shared room,38,1,118,3/22/2018,2.97,22,193
4890230,Dorm Beds @ Social SF Hostel #6,22931450,Sarah,,North Beach,37.7987506,-122.4047565,Shared room,38,1,156,3/18/2018,3.91,22,223
6007925,"North Beach 2BR, private Roof Deck",31111016,Shinmin,,North Beach,37.79958329,-122.4062463,Entire home/apt,300,5,5,8/12/2017,0.16,1,0
13641058,North Beach Cable Car Flat,33387303,Joseph,,North Beach,37.8021992,-122.4126845,Entire home/apt,160,3,39,4/2/2018,1.82,1,0
7116305,Sunny Loft @ the Wharf!,37278638,Ellie And Paddy,,North Beach,37.80776679,-122.4167065,Entire home/apt,184,30,114,2/24/2018,3.42,1,364
7968749,Telegraph Hill Penthouse - VIEWS! ONE-OF-A-KIND!,37731842,David,,North Beach,37.80332149,-122.4078181,Entire home/apt,435,2,17,4/1/2018,1.66,1,77
15068542,Spacious Room in Apartment near Coit Tower,41781093,Virginia,,North Beach,37.80227952,-122.4069805,Private room,150,2,34,3/22/2018,1.92,2,0
2432104,"Clean,Cozy, Garden private room",26952,Jennifer,,Ocean View,37.72775798,-122.4704317,Private room,58,30,45,9/29/2017,0.91,2,232
16831471,Spacious 1BD +private bath in Oceanview,918385,Helen & Jojo,,Ocean View,37.71441453,-122.4598568,Private room,90,3,44,3/30/2018,3.01,1,111
9150562,Private Room in Ingleside nearby SFSU,1282404,Michelle,,Ocean View,37.72061709,-122.4670644,Private room,50,30,2,2/13/2018,0.24,1,81
7068804,Cheerful spot in Ingleside Terraces,3248180,Sally,,Ocean View,37.72677476,-122.4683231,Private room,80,2,101,3/26/2018,3.04,2,106
3534522,Lovely 2BD Family Friendly Home,7984529,Jeanette,,Ocean View,37.71776811,-122.4536579,Entire home/apt,150,4,15,7/11/2017,0.34,1,13
6716133,Suite Retreat close to SFO,10786181,Deborah,,Ocean View,37.72122249,-122.4527411,Entire home/apt,110,30,112,2/23/2018,3.3,3,335
18522631,Spacious 1920's San Francisco House & Garden,13136315,Nate,,Ocean View,37.72249143,-122.4631231,Entire home/apt,349,2,32,3/18/2018,2.87,1,287
14240737,[2] Comfy Studio near Daly CityBART,22267913,Henry,,Ocean View,37.70474064,-122.4635774,Entire home/apt,99,1,33,2/18/2018,2.54,12,332
13661411,[4A] Private Bedroom with Shared Bathroom,22267913,Henry,,Ocean View,37.70452183,-122.464643,Private room,85,1,13,3/21/2018,0.6,12,337
10886231,comfortable full bed in a warm home,35257550,Joy,,Ocean View,37.71740176,-122.4694255,Private room,125,1,24,10/7/2017,1.11,1,365
6985131,"Cozy, Garden Secure Private Room & Bath.",36060750,Grace,,Ocean View,37.71997678,-122.4571884,Entire home/apt,79,3,71,2/20/2018,2.14,1,238
7007759,Rooms with private entrance 独立一房一厅,36734328,Winni,,Ocean View,37.71728179,-122.4526949,Private room,195,3,9,10/5/2017,0.29,1,0
7245179,Quiet room Immaculate Victorian PRIVATE bathroom,37935720,Nancy,,Ocean View,37.72331361,-122.4636524,Private room,57,2,12,3/30/2018,0.36,1,13
22620597,"3.2 Conferences, Boot Camps, Interns.",38163072,Evgeny,,Ocean View,37.7046457,-122.4647463,Shared room,27,3,8,3/23/2018,5,7,70
13603717,Level 3,78681619,Tom,,Ocean View,37.70806565,-122.4602544,Entire home/apt,360,2,11,1/10/2018,0.54,3,165
14453697,Full house,78681619,Tom,,Ocean View,37.70837175,-122.4603314,Entire home/apt,689,2,17,1/2/2018,0.91,3,75
18287949,3E - Huge Master Suite near Daly City BART & SFO,94282453,Kimberly,,Ocean View,37.70568554,-122.4643215,Private room,100,1,80,3/28/2018,6.96,9,82
18451873,2A - Large Master Suite near Daly City BART & SFO,94282453,Kimberly,,Ocean View,37.70733621,-122.463422,Private room,100,1,61,3/30/2018,7.41,9,116
18296748,2C - Private Bedroom near Daly City Subway and SFO,94282453,Kimberly,,Ocean View,37.70599202,-122.4648855,Private room,70,1,60,3/31/2018,5.83,9,158
16083195,ROOM 914,104817111,Andrei,,Ocean View,37.71890359,-122.4555372,Private room,149,1,0,,,1,0
19270254,Ingleside Private Bedroom,110324616,Mark,,Ocean View,37.7211593,-122.4566938,Private room,48,1,67,4/4/2018,6.88,2,20
16721946,Spacious 2 bedroom garden apartment,110839823,Doris,,Ocean View,37.72170725,-122.4587509,Entire home/apt,133,4,27,4/6/2018,1.95,1,241
22011405,1bed/1bath/1 living room (30 #4),112189739,Kenneth And Vienna,,Ocean View,37.7042538,-122.4639886,Private room,135,1,10,3/30/2018,2.94,2,318
19331975,Private Loft Space Upstairs in Charming SF Home,135420210,Spencer,,Ocean View,37.7190004,-122.4525423,Private room,110,1,55,3/8/2018,6.63,1,240
23257763,"New furniture near SF State, No Cleaning Fee (2G)",148875631,Carissa,,Ocean View,37.71492291,-122.471435,Private room,83,1,14,3/29/2018,8.4,6,298
22990630,"Cozy Bedroom with Private Bath near SFO, 101, SFSU",165737589,Claire,,Ocean View,37.71331362,-122.4699113,Private room,100,1,12,4/4/2018,5.9,2,167
277339,Comfortable and tranquil SF escape,1448282,"Natalie, Paige, Tennyson And Hannah",,Outer Mission,37.72681358,-122.4341905,Entire home/apt,110,3,286,3/21/2018,3.77,1,190
16089156,Redwood oasis in the city,1716457,Tracy,,Outer Mission,37.72659657,-122.43687,Entire home/apt,120,3,0,,,1,56
21113266,Martony's BNB and Zen Garden,2275870,Martina,,Outer Mission,37.72675581,-122.4389264,Private room,135,2,38,3/30/2018,6.03,1,110
6976726,Beautiful view home on Mt. Davidson,4205615,Alicia,,Outer Mission,37.73204098,-122.4533558,Entire home/apt,298,3,9,8/13/2017,0.28,1,0
1351626,"Upscale home/furnishings, private",6555530,Phyllis,,Outer Mission,37.73403271,-122.4466228,Private room,50,30,6,9/16/2017,0.18,2,238
9752302,Private bedroom + shared bath,9080666,Sandy,,Outer Mission,37.72648595,-122.4350873,Private room,49,5,1,2/14/2018,0.57,9,97
23204696,Queen bedroom with ensuite private bath,9080666,Sandy,,Outer Mission,37.72780582,-122.4339367,Private room,65,5,0,,,9,15
19364007,Comfortable Room in Mission Terrace,9109983,Geoffrey,,Outer Mission,37.7246653,-122.4394341,Private room,80,2,40,3/27/2018,4.26,4,257
2721834,Sunny In-Law Unit in Sunnyside,12007906,Saramanda And Venkat,,Outer Mission,37.73082837,-122.4395812,Entire home/apt,95,2,145,4/4/2018,3.08,1,19
7352798,Entire 2BR/2BA Home w/Hot Tub & Lush Garden,16598715,David,,Outer Mission,37.733432,-122.4453803,Entire home/apt,298,2,17,1/12/2018,0.53,1,0
16336481,2 bedroom home in Glen Park (San Francisco),18734738,Paul,,Outer Mission,37.73395995,-122.4426132,Entire home/apt,200,2,21,3/25/2018,1.35,1,4
7701360,"Modern, Luxury Residence w/ parking, great views",22098219,Jess,,Outer Mission,37.73528867,-122.4408067,Entire home/apt,995,4,32,3/23/2018,1.06,1,6
8275596,"Sweet Sunnyside Suite, Private Entrance & Bathroom",23621923,Rebecca,,Outer Mission,37.7303531,-122.4452,Private room,105,3,142,3/27/2018,4.57,2,40
19365066,★ Walkability Score 90 ★ Patio ★ Parking ★ W/D ★ U,26860112,Jonathan,,Outer Mission,37.72150941,-122.4382318,Entire home/apt,280,3,21,2/25/2018,2.7,3,123
13560820,Charming home with breathtaking views in Glen Park,36561131,Ivy,,Outer Mission,37.73100211,-122.442477,Entire home/apt,235,30,17,1/20/2017,0.8,1,89
7093018,Cute part of the city near Bart,37176998,Chelsea,,Outer Mission,37.7304826,-122.4417623,Private room,50,30,2,8/30/2015,0.06,1,0
7247351,One room cottage tucked away in SF,37950014,Shauna,,Outer Mission,37.73214395,-122.4306772,Entire home/apt,125,2,81,4/1/2018,2.99,1,31
8597021,Private room w/King Bed steps from Glen Park BART,38613950,James,,Outer Mission,37.73040285,-122.4333134,Private room,103,2,13,4/2/2018,0.43,1,59
9259176,Garden Tower near Glen Park Village,40646107,Chester,,Outer Mission,37.73226892,-122.4421818,Entire home/apt,125,1,51,2/2/2018,1.8,1,200
10971773,Mediterranean/Spanish Retreat,56921931,Armando,,Outer Mission,37.71868622,-122.4465784,Entire home/apt,160,2,16,8/21/2017,0.73,1,0
18546459,Bedroom with beautiful city view,73070632,Tina,,Outer Mission,37.71047509,-122.4493331,Private room,45,6,5,3/17/2018,0.54,3,258
15167554,Ricky's Room near Subway Station and SFO (R1),80498309,Kiko,,Outer Mission,37.70579467,-122.4585661,Private room,68,1,67,3/26/2018,3.79,5,173
13926812,(Garden) Private room_couple blocks from SF,82722582,John,,Outer Mission,37.70523488,-122.4553657,Private room,44,1,109,3/31/2018,5.32,3,151
15328509,"Outer Mission Private Cozy Room, Quiet Neighorhood",91188092,Tide,,Outer Mission,37.71220018,-122.4463169,Private room,110,3,21,3/23/2018,1.85,5,361
14672091,Outer Mission Private 2 BD/1 BTH & Living Room,91188092,Tide,,Outer Mission,37.71314296,-122.4460095,Entire home/apt,199,3,28,3/24/2018,1.48,5,58
3257979,private room with private bath,16476062,Robert,,Parkside,37.74843877,-122.4695794,Private room,53,2,155,3/21/2018,3.35,1,257
19872447,New building luxury 3BR/2BTH-near Mission St,99053939,Jeff,,Outer Mission,37.72594963,-122.4370486,Entire home/apt,295,2,34,3/25/2018,3.98,1,132
16380237,Master suite in beautiful view home in Glen Park,107289801,Tahl,,Outer Mission,37.73460852,-122.441379,Private room,123,30,2,11/4/2017,0.23,1,178
21597324,Newly Remodel Clean room w/ private bathroom,157088607,Steve,,Outer Mission,37.71010276,-122.4522966,Private room,78,4,7,3/26/2018,1.88,3,160
23111807,Newly Remodel Nice & Cozy Private Master Rm,157088607,Steve,,Outer Mission,37.7098285,-122.4532902,Private room,59,5,3,3/31/2018,1.61,3,173
23567683,[No.3] Warm Private Bedroom with shared Bathrooms,158495115,Sze,,Outer Mission,37.70813641,-122.4548059,Private room,50,1,8,3/30/2018,6.86,6,148
23584006,[No.6] Bright Bedroom with shared Bathrooms,158495115,Sze,,Outer Mission,37.70868878,-122.4565447,Private room,63,1,7,4/5/2018,7,6,163
23567468,[No.2] Cozy King Bed Bedroom with shared Bathrooms,158495115,Sze,,Outer Mission,37.70817835,-122.4563515,Private room,80,1,2,3/31/2018,2,6,161
23240184,Your Cozy/Private Bedroom & Bathroom in SF     [B],170765678,Rachel,,Outer Mission,37.71177231,-122.449991,Private room,85,1,8,3/29/2018,6,2,314
17585947,"Quiet queen bed near Ocean Beach, free parking!",836116,Elizabeth,,Outer Richmond,37.77844741,-122.5003136,Private room,108,3,44,4/2/2018,5.45,1,6
3157463,Stylish Edwardian Family Home,3924145,Deborah,,Outer Richmond,37.78611024,-122.4823427,Entire home/apt,375,7,15,8/14/2017,0.33,1,243
2397852,Modern 2King 2baths garden suite w/parking.,12062895,Suzy(S.Y.),,Outer Richmond,37.77424186,-122.5016747,Entire home/apt,306,2,51,3/23/2018,1.64,2,117
3481025,A Home Above the Rest: Quiet with old SF Charm,16933260,Angela,,Outer Richmond,37.77390864,-122.479721,Entire home/apt,159,2,222,3/30/2018,5.17,1,37
9110032,Modern Room by Golden Gate Park (Green Butterfly),23752034,Brian,,Outer Richmond,37.77301327,-122.5010861,Private room,100,1,109,4/3/2018,3.68,3,264
9616042,Beautiful San Francisco Loft,27022605,Olena,,Outer Richmond,37.78257989,-122.4865508,Entire home/apt,139,30,9,9/3/2017,0.47,1,0
6378613,Walk to the Beach/Lands End from our 3br/2bth Home,33249457,Matthew,,Outer Richmond,37.78306575,-122.4860473,Entire home/apt,450,3,4,7/9/2017,0.18,1,223
11556239,Best Kept Secret in Town,36381578,Harris,,Outer Richmond,37.78002045,-122.5038459,Private room,72,3,46,3/26/2018,1.84,3,11
7823272,Spacious studio near Ocean Beach,41190422,Fiona,,Outer Richmond,37.77615199,-122.5071731,Entire home/apt,145,2,88,3/27/2018,2.73,1,63
12328003,"Garage Parking, Private Bath, Quiet Room, Garden",66527929,Jana And Peter,,Outer Richmond,37.77526481,-122.4887531,Private room,79,1,58,3/20/2018,3.08,2,21
21727562,250 Sq Ft Cozy Private Bedroom by Ocean Beach,157074592,ALEX / Peihong,,Outer Richmond,37.77910113,-122.4955879,Private room,80,2,21,4/2/2018,5.29,5,91
22601496,Awesome private bedroom with private full bathroom,166266082,Shan You,,Outer Richmond,37.77893109,-122.5092227,Private room,89,1,2,3/30/2018,2,2,36
19226603,Knotty Pine Studio,746807,Amber + Jeff,,Outer Sunset,37.76280634,-122.5063402,Entire home/apt,175,3,24,4/4/2018,2.79,1,48
1337098,1bed @ Beach & GG Park,875149,Edurne,,Outer Sunset,37.76149706,-122.503735,Entire home/apt,119,2,152,3/24/2018,2.67,1,302
8520295,Peaceful studio/ Garden,1999893,Jill,,Outer Sunset,37.76020044,-122.4811385,Entire home/apt,119,5,53,3/25/2018,1.88,1,181
20543892,Bright slice of the Sunset: private suite and deck,3344835,Kelly,,Outer Sunset,37.75668491,-122.4942399,Private room,100,2,0,,,1,0
2016198,"private bed, bath & kitchenette with ocean view",3639179,Char And Rus,,Outer Sunset,37.74575346,-122.5003228,Private room,83,1,208,3/22/2018,4.09,1,221
13789725,Private flat & deck 2 blocks from Ocean Beach,3677879,Jennifer,,Outer Sunset,37.75738091,-122.5071664,Entire home/apt,160,2,87,3/31/2018,5.52,1,178
19036532,Refreshing Room in the Sunset,4139079,Billy,,Outer Sunset,37.7605322,-122.484124,Private room,95,2,43,4/4/2018,4.31,3,26
18156135,One bedroom apartment,4997141,Ana,,Outer Sunset,37.76110955,-122.5028226,Entire home/apt,140,2,9,3/22/2018,1.01,1,73
9073362,Private bedroom newly renov house near beach &park,5215966,Melisse,,Outer Sunset,37.75393023,-122.4946054,Private room,75,1,1,2/19/2018,0.63,6,25
4520661,Private Social Living Alcatraz Room  nr Beach,5215966,Melisse,,Outer Sunset,37.75591088,-122.4940513,Private room,55,3,104,3/18/2018,3.11,6,78
1142101,"3 bedroom Beach House, Family Friendly, SF",5300981,Christine,,Outer Sunset,37.75726938,-122.500994,Entire home/apt,300,7,15,1/1/2018,0.33,1,165
21745759,Sunset home near beach and park (private room A),5689322,Jennifer,,Outer Sunset,37.75543506,-122.5030247,Private room,100,1,0,,,3,143
18012893,Cozy up in a Studio near Golden Gate Park and UCSF,6067096,Victoria,,Outer Sunset,37.76471337,-122.4781346,Entire home/apt,98,2,42,2/12/2018,3.66,2,241
18012201,Big Studio Flat near Golden Gate Park & UCSF,6067096,Victoria,,Outer Sunset,37.76524417,-122.4783672,Entire home/apt,98,2,42,1/28/2018,3.5,2,233
10923835,Outer Sunset Private Studio Apt.,8807589,John And Jessica,,Outer Sunset,37.7461817,-122.4895545,Entire home/apt,95,1,139,3/29/2018,5.28,1,56
1984709,Private Luxury Suite in the Sunset,10240163,Robby,,Outer Sunset,37.76260874,-122.5014624,Entire home/apt,110,30,292,11/25/2017,5.58,1,333
3292643,Beach front home with ocean views,12268016,Michelle,,Outer Sunset,37.7570444,-122.5081831,Entire home/apt,245,3,13,3/31/2018,0.38,1,100
20169868,"Private, Remodeled Home Close to Golden Gate Park",12394710,Tyler,,Outer Sunset,37.76251794,-122.5051595,Entire home/apt,135,1,64,3/28/2018,7.87,1,31
2614717,"Beautiful Home near Ocean, GG Park & Transit Stops",13389740,Sonia,,Outer Sunset,37.75457221,-122.4833138,Private room,89,7,17,3/4/2018,0.35,1,333
13220623,Hip Minimalist Flat by the Beach,16010762,Carleen,,Outer Sunset,37.76192004,-122.4974066,Entire home/apt,175,1,143,4/2/2018,7.13,1,42
3343907,Cozy room in the house,16877435,Rous,,Outer Sunset,37.75014215,-122.4942169,Private room,80,2,24,2/2/2018,2.29,3,3
10379560,The Perfect Stay in San Francisco,17978089,Felicia,,Outer Sunset,37.75103429,-122.5065083,Private room,99,1,81,3/22/2018,3.69,1,211
5027016,Cozy Studio by Beach & Golden Gate Park,25943995,Dan,,Outer Sunset,37.75797309,-122.5010002,Entire home/apt,90,30,96,9/7/2017,2.49,2,307
7027139,☆BEACHSIDE/PARKSIDE LUXURY SUITE☆,34592529,Vee,,Outer Sunset,37.76379989,-122.5073232,Private room,190,3,15,10/10/2017,0.47,1,362
17371171,Cozy Bedroom in The Sunset,36997746,Jonathan,,Outer Sunset,37.75135949,-122.4773924,Shared room,32,2,64,3/25/2018,4.8,4,83
14549750,Spacious and Comfortable Apartment,37720688,Susanna,,Outer Sunset,37.7610426,-122.4909055,Entire home/apt,150,3,64,3/24/2018,4.3,1,105
14142409,"Nice Apt in Sunset district SF, near by G G Park.",38755455,Steve,,Outer Sunset,37.76089791,-122.4776873,Entire home/apt,109,2,118,3/26/2018,5.7,2,136
21248363,"Perfect apartment in  Sunset district,SF.",38755455,Steve,,Outer Sunset,37.75983784,-122.4775183,Entire home/apt,105,2,24,3/22/2018,4.14,2,169
9611854,Modern Outer Sunset One Bedroom (30 days min stay),49730892,Chi-Ai,,Outer Sunset,37.76394785,-122.4996286,Entire home/apt,190,30,35,2/25/2018,1.32,1,204
10367010,"Sunny, very clean studio for 2",53358593,Tatyana,,Outer Sunset,37.76013254,-122.4956187,Private room,99,1,108,4/2/2018,4.14,1,277
18397875,Upscale In-Law Suite / Parkside,58033584,Anjna,,Outer Sunset,37.74643385,-122.4945892,Entire home/apt,150,2,26,3/23/2018,2.67,1,47
12025717,PrivateApartm(2rooms)GoldenGatePark/quiet location,64351162,Vlad & Ira,,Outer Sunset,37.7585691,-122.488776,Entire home/apt,139,1,128,3/28/2018,5.59,2,16
12905538,"1940s Beach House, Lots of free parking, GG Park",70717919,Freya,,Outer Sunset,37.74885354,-122.487516,Entire home/apt,170,2,43,3/30/2018,5.38,1,255
12930338,Sunset Garden Room-Private Bath,70980027,Anna,,Outer Sunset,37.75370825,-122.4877806,Private room,99,2,106,3/30/2018,4.62,1,44
17984591,Modern Cozy Couples Getaway | Walkable &Convenient,118436227,Jason,,Outer Sunset,37.75973986,-122.4933814,Entire home/apt,130,1,109,4/4/2018,9.29,6,88
18949091,Come to our Outer Sunset Sanctuary !!,132070723,Bridget,,Outer Sunset,37.76282793,-122.4942763,Entire home/apt,170,2,3,3/29/2018,0.38,1,54
19416507,Gorgeous Light and Airy Bedroom,136131559,Cindy And Michelle,,Outer Sunset,37.76349926,-122.4801215,Private room,76,1,46,4/4/2018,4.83,4,44
20761039,"Sunny, Historic Sunset Guest Suite",148708603,Barbara,,Outer Sunset,37.76307495,-122.5034126,Entire home/apt,150,30,11,3/24/2018,1.88,1,1
21203146,Deluxe Studio with Private Bath in Sunset!,153157973,Yang,,Outer Sunset,37.75313612,-122.4938204,Private room,118,1,54,3/27/2018,10.06,2,59
22487945,Cozy private room in Sunset District,159753287,Shaun,,Outer Sunset,37.7487311,-122.48984,Private room,74,2,11,3/26/2018,3.79,3,146
23529565,Modern and Cozy Living in the Desirable Sunset,175780561,Wayne,,Outer Sunset,37.75244012,-122.4885038,Private room,79,1,1,3/28/2018,1,2,72
154715,Sunny spacious room w/ amazing view,16674,Jan Grant,,Pacific Heights,37.79265343,-122.4295514,Private room,89,2,87,1/11/2018,1.05,1,4
3889219,Art Deco Condo in Pacific Heights,734170,Ian,,Pacific Heights,37.79658773,-122.4275069,Entire home/apt,320,1,20,4/2/2018,0.45,2,322
168263,San Francisco Charm in Pac Heights,801842,Sheri,,Pacific Heights,37.79086385,-122.4433939,Private room,135,3,30,2/11/2018,0.4,2,308
3047702,En-Suite Pacific Heights bedroom,1142106,Pat,,Pacific Heights,37.78998636,-122.4434464,Private room,120,30,1,3/20/2016,0.04,1,0
4103906,"View house 1 Room 1 B, Potrero Hill, easy parking",4221614,"Cris, Daniela & Olivia",,Potrero Hill,37.75948148,-122.4034998,Entire home/apt,400,2,1,9/22/2014,0.02,3,0
18005988,Classic & Spacious Pacific Heights Apartment,2238570,Jessica,,Pacific Heights,37.79060562,-122.4251627,Private room,200,1,97,4/5/2018,8.74,1,104
8775500,Mini Guest House Rental - Bedroom Only,7366597,Jenn,,Pacific Heights,37.78915875,-122.4401762,Private room,150,1,11,3/15/2018,0.74,1,0
22307565,Top-Floor Park View in Pac Heights,7597290,Jonathan,,Pacific Heights,37.79002457,-122.4372157,Entire home/apt,199,1,3,3/4/2018,0.93,1,121
18757990,NEW High-End Pacific Heights Private Suite,9956229,Aaron,,Pacific Heights,37.78896122,-122.4452586,Entire home/apt,195,2,45,3/14/2018,4.69,1,65
19328446,Private Room + ensuite bath above Union + Fillmore,10508562,Susan,,Pacific Heights,37.79629466,-122.4326998,Private room,185,2,32,4/1/2018,3.42,1,65
3672198,Bright 1-bedroom with great views,10839658,Manu,,Pacific Heights,37.79752727,-122.4239225,Entire home/apt,180,30,110,11/12/2017,2.46,1,265
4280408,"Oasis to relax, Sunny with Surrounding Views",11527863,Louise,,Pacific Heights,37.79280198,-122.4354821,Private room,160,2,35,10/2/2017,0.82,2,331
4422501,Lower Pac Heights Victorian Home,12988140,Jonathan,,Pacific Heights,37.79066717,-122.4297656,Entire home/apt,1250,2,11,12/30/2017,0.28,1,333
3532347,Spacious house like empire,13832870,International,,Pacific Heights,37.7903263,-122.427066,Entire home/apt,277,30,2,4/27/2015,0.05,5,365
17120944,"Quiet, spacious bedroom with private deck/views.",14003785,Pam,,Pacific Heights,37.78827374,-122.4412798,Private room,174,3,4,1/12/2018,0.35,3,231
19813606,Private 1 BDR in the Heart of SF!,17902034,Vijay,,Pacific Heights,37.79304988,-122.4248227,Entire home/apt,150,1000,5,1/1/2018,0.57,1,0
4022209,Hotel Pac Hgts King Free Car Park#B,20850212,Young,,Pacific Heights,37.79707439,-122.4250442,Entire home/apt,109,1,41,11/11/2017,0.98,15,0
10792245,Jackson Court 2,23593310,Meimei,,Pacific Heights,37.79404283,-122.4317748,Entire home/apt,245,3,1,2/16/2017,0.07,2,11
19407153,Massive Studio w/ Park Views,30713030,Wendy,,Pacific Heights,37.79043948,-122.4393288,Entire home/apt,140,2,10,3/3/2018,1.09,1,2
20526676,RACEHORSE,31471942,Kalki,,Pacific Heights,37.79502636,-122.4247492,Entire home/apt,2850,2,0,,,1,89
11435584,Pacific Heights Victorian with Backyard Dining Area,60086345,Melissa,,Pacific Heights,37.79094953,-122.4343581,Entire home/apt,1200,3,5,11/25/2017,0.39,1,198
21965592,"Marina Oasis, 1-bedroom garden apartment",66218996,K,,Pacific Heights,37.79409768,-122.439282,Entire home/apt,198,2,13,3/29/2018,3.28,1,1
12368621,Pacific Heights Pied-à-terre,66829012,Patrick,,Pacific Heights,37.79025438,-122.4443868,Entire home/apt,275,2,74,2/5/2018,3.13,1,310
16417011,Charming & Elegant 2 Bd/2 Ba Condo in Pac Heights,107591037,Bobby,,Pacific Heights,37.795371,-122.4246068,Entire home/apt,400,2,18,11/9/2017,1.23,1,26
17174460,Pacific Heights Condo,112017019,Sandra,,Pacific Heights,37.7906229,-122.4359229,Entire home/apt,450,2,8,1/17/2018,0.77,1,49
22083141,Spacious Master Bedroom in Pac Heights,161315146,Diego,,Pacific Heights,37.79257897,-122.4249419,Private room,240,1,0,,,1,170
19307356,"Pacific Ocean Views and Sunsets, centrally located",1264413,Denis,,Parkside,37.74714871,-122.472551,Entire home/apt,140,5,5,4/2/2018,0.6,1,17
21650740,Bagan - Spacious & Comfortable Zen Retreat,4350837,Servio,,Parkside,37.74275648,-122.4741579,Entire home/apt,135,2,16,4/4/2018,3.66,2,55
6716417,Cozy Apartment in Sunset Home,11294671,Delphine,,Parkside,37.74572471,-122.4721516,Private room,125,1,80,4/6/2018,2.55,1,11
5229280,"Private flat,  remodeled  and yard",13059334,Yann,,Parkside,37.73886048,-122.4777656,Entire home/apt,139,1,184,3/31/2018,4.78,2,262
22325200,Cozy 2 BD 1 BA near Ocean's Beach,14615491,Wayne,,Parkside,37.74280436,-122.5035467,Entire home/apt,145,2,29,4/4/2018,8.21,1,193
10321776,Modern In-Law Unit Near Beach with Free Parking,23723104,Arpita,,Parkside,37.73751006,-122.5063565,Entire home/apt,135,2,166,4/3/2018,6.69,2,209
17534690,"Cozy, Spacious, Recently Renovated 2BR Apt",24535979,Hu,,Parkside,37.74579338,-122.4781939,Entire home/apt,155,3,40,3/29/2018,3.1,1,38
5068486,West Portal Garden Unit,26173051,Karen,,Parkside,37.738097,-122.4717616,Entire home/apt,183,3,130,2/25/2018,3.43,1,212
8207632,Comfortable Quiet 1 bdr Apt. in parkside.,43280191,Aldrin,,Parkside,37.73438602,-122.4935286,Entire home/apt,211,2,64,4/3/2018,2.09,1,223
14651109,Newly Remodeled Home in SF Parkside District,90982770,Tony,,Parkside,37.74589958,-122.4728708,Entire home/apt,379,2,33,3/25/2018,1.75,1,289
19159660,Garden view Room in Charming Edwardian home,126496085,Felicity,,Parkside,37.74025058,-122.4850159,Private room,75,2,3,9/17/2017,0.42,4,0
18776764,2 Bedroom Home in Sunset Distract,130667064,Noel,,Parkside,37.74326368,-122.5011621,Entire home/apt,200,2,8,4/4/2018,6.67,1,46
19478755,Cozy room in Parkside house,131502074,Kathy,,Parkside,37.74867614,-122.4750237,Private room,95,1,46,4/1/2018,4.81,2,149
19150623,Outer Sunset Home Sleeps 6 (with parking),133894957,Jessica,,Parkside,37.74477815,-122.4895715,Entire home/apt,225,1,21,3/18/2018,2.24,4,86
20257125,Outer Sunset Private Bedroom [K],133894957,Jessica,,Parkside,37.74583087,-122.4902733,Private room,99,1,7,10/19/2017,0.93,4,54
21207380,Private bedroom with private bath - San Francisco,140678774,Salma Chantana,,Parkside,37.74455435,-122.4813619,Private room,95,30,1,12/3/2017,0.24,2,0
25662,"Convenient, quiet, private!",106005,Gayle,,Potrero Hill,37.76212202,-122.395409,Private room,125,4,267,3/24/2018,2.84,1,269
8417986,Apartment with a view,107910,Marie,,Potrero Hill,37.75807816,-122.3997755,Entire home/apt,160,4,43,2/8/2018,1.4,1,25
33578,Potrero Hill Garden Lookout,145258,Kepa,,Potrero Hill,37.76525619,-122.3973047,Entire home/apt,220,1,510,4/2/2018,5.55,4,308
205842,Potrero Hill Garden Cabana,145258,Kepa,,Potrero Hill,37.76487422,-122.3976267,Entire home/apt,220,1,575,3/28/2018,8.27,4,297
33577,Potrero Hill Garden Suite,145258,Kepa,,Potrero Hill,37.76514606,-122.3975009,Entire home/apt,220,1,559,3/31/2018,6.53,4,315
10455995,Private Room & Bath with Bay View!,1031577,Mark,,Potrero Hill,37.75802381,-122.3975611,Private room,125,5,60,4/2/2018,2.2,2,212
17879769,Luxurious modern home (w/parking),1313191,Adrienne,,Potrero Hill,37.76027859,-122.3983894,Entire home/apt,300,30,4,8/31/2017,0.37,1,0
252867,Potrero Hill Condo with View of Bay,1327890,Susi & Matt,,Potrero Hill,37.75888607,-122.395388,Entire home/apt,280,6,16,8/5/2017,0.21,1,47
20749017,"Brand new apartment, private bed&bath in Dogpatch",1601463,Veronica,,Potrero Hill,37.76182116,-122.3918517,Private room,76,30,3,12/21/2017,0.64,1,72
13332858,Luxury Potrero Hill/Dogpatch Condo,1700631,Rob,,Potrero Hill,37.764055,-122.3951817,Entire home/apt,250,2,38,3/13/2018,1.84,1,48
598271,"Atop Potrero: Lux, Hot Tub, Large Deck w Views!",2544752,Fran,,Potrero Hill,37.75942516,-122.4039762,Private room,121,3,231,2/18/2018,3.34,4,86
12999869,"Peacock Room-Private Bath,Parking, Awesome Sunsets",3617002,Sarah & Pankaj,,Potrero Hill,37.76239538,-122.4050208,Private room,147,2,131,3/24/2018,5.73,4,7
16797018,"India Room-Luxury,Parking,Awesome Sunsets,New",3617002,Sarah & Pankaj,,Potrero Hill,37.76092509,-122.4033268,Private room,79,1,20,3/28/2018,1.35,4,328
21292656,Master Bedroom Suite in Spacious Condo,4095475,Noam,,Potrero Hill,37.75762664,-122.3879978,Private room,140,3,4,1/21/2018,0.82,2,0
21192418,Large & Modern Style Bedroom in Dogpatch Condo,4095475,Noam,,Potrero Hill,37.75751651,-122.3895477,Private room,124,3,5,1/11/2018,1.07,2,0
7859448,"City View, Potrero Hill Suite",4899936,Veronica,,Potrero Hill,37.7622435,-122.3967375,Private room,85,30,1,5/20/2016,0.04,1,264
23433090,Potrero Hill home private bedroom.,6161482,Marion,,Potrero Hill,37.76149081,-122.3958719,Private room,150,2,7,4/4/2018,7,2,139
14490262,Haven home: sunny two bedroom two bath with view,6920252,Mary,,Potrero Hill,37.75819768,-122.4023991,Entire home/apt,195,4,37,3/16/2018,1.98,2,190
1520929,Paradise in the Heart of the City,8055897,Annekarin,,Potrero Hill,37.76054896,-122.4040216,Entire home/apt,250,2,84,4/5/2018,1.5,1,283
19828873,"Modern, bright, airy 3 bedroom Potrero Hill home",8109604,Sarah,,Potrero Hill,37.75133005,-122.3985531,Entire home/apt,385,2,5,4/3/2018,0.65,1,1
22753772,Private Luxury 3 Bedroom Flat with Views & Parking,8551269,Joe,,Potrero Hill,37.76029829,-122.4018997,Private room,425,2,11,3/31/2018,4.07,2,40
2770561,Bedroom in quiet Potrero Hill,11797781,Raman,,Potrero Hill,37.75726138,-122.3937119,Private room,80,2,100,2/28/2018,2.08,2,309
6884454,Very large 1BR with Rooftop Patio & Insane View!,20037498,Carly,,Potrero Hill,37.76243177,-122.4018537,Entire home/apt,150,30,6,1/11/2018,0.19,2,126
4228444,"Best Location for Business stay- sunny, cute+easy!",21945886,Karyn,,Potrero Hill,37.75432067,-122.4001714,Entire home/apt,147,3,45,1/26/2018,1.06,1,146
11048759,Mod Potrero Hill Private Studio,23580082,Keara And Spencer,,Potrero Hill,37.7550341,-122.401835,Entire home/apt,155,31,71,1/12/2018,2.72,1,89
24055124,MIL space in sunny Potrero Hill.,24949211,Ed,,Potrero Hill,37.76010304,-122.3950021,Private room,200,1,0,,,2,4
23613682,Charming 1 Bedroom in the Heart of SF,25411432,Jason,,Potrero Hill,37.75857406,-122.3940026,Entire home/apt,270,6,0,,,1,69
5630741,Dogpatch @water 2br/2.5b loft,26497112,Mark,,Potrero Hill,37.763374,-122.3870892,Entire home/apt,345,2,25,1/25/2018,0.69,1,361
16256179,"Beautiful SF Victorian- roof deck, garden, hot tub",26511202,Kathi,,Potrero Hill,37.75504534,-122.4008316,Entire home/apt,327,30,28,8/13/2017,1.97,1,46
7676566,"Sunny, Modern House with Great Views",28311107,Greg,,Potrero Hill,37.76134316,-122.4026816,Entire home/apt,599,2,21,12/28/2017,0.68,1,1
20498389,Chic apartment close to downtown & public transit,32839241,Geeta,,Potrero Hill,37.75725554,-122.3982417,Entire home/apt,176,2,25,3/30/2018,3.5,1,262
18929307,Modern 2 bedrooms/2 Baths in the heart of SF,32891611,Petra,,Potrero Hill,37.76281252,-122.401419,Entire home/apt,279,3,38,4/1/2018,3.8,2,164
7899085,private Potrero Hill apartment,41649493,Robert & Martha,,Potrero Hill,37.76064897,-122.4014569,Entire home/apt,140,2,24,3/21/2018,1.5,1,96
15024335,2-Bedroom Victorian Flat in Dogpatch,48503905,Angie,,Potrero Hill,37.75927983,-122.3893786,Entire home/apt,500,2,20,3/23/2018,1.09,1,58
10572287,Full flat with bay & downtown views,54535159,Tricia,,Potrero Hill,37.75817082,-122.3997771,Entire home/apt,195,30,40,3/3/2018,1.56,1,172
21275763,Private garden in-law with separate entrance,57583714,Gina,,Potrero Hill,37.76058694,-122.4021461,Entire home/apt,179,2,16,3/20/2018,2.96,2,27
11713614,2 Bdrm Serenity Art House,62274666,Ann,,Potrero Hill,37.75465069,-122.4001989,Entire home/apt,205,5,29,4/1/2018,2.6,1,10
13652344,Potrero Hill North Face,73614199,Barry,,Potrero Hill,37.76248797,-122.4011454,Private room,160,1,153,4/4/2018,7.19,1,269
19124855,The Haven Potrero Hill - Private Bedroom 2,131988979,Jerry & Igor,,Potrero Hill,37.7535852,-122.3984466,Private room,90,1,20,1/5/2018,2.07,1,170
20468187,Minimalist Suite close to the Financial District,146140475,John,,Potrero Hill,37.76518033,-122.3969991,Entire home/apt,143,30,16,4/6/2018,2.45,1,145
22206596,Bright Loft Near Restaurants & Shops,162271788,Zeke,,Potrero Hill,37.76121534,-122.3995486,Entire home/apt,499,3,1,3/25/2018,1,1,31
3093543,Studio with own entrance and garden views.,15732960,Massimo & Mary,,Presidio,37.81030633,-122.476422,Private room,105,5,193,3/20/2018,4.09,1,254
38607,Beautiful Upscale House Private BR,165574,Jonathan,,Presidio Heights,37.78197462,-122.4580923,Private room,115,3,175,1/2/2018,1.87,2,76
20484367,Renovated 3 bedroom unit w/ sauna in central area,4173587,Ilya,,Presidio Heights,37.78298972,-122.4498959,Entire home/apt,159,30,10,12/14/2017,1.52,2,282
22655491,Laurel Heights Private Room*LATE CHECK-IN WELCOME*,13139021,Eric,,Presidio Heights,37.78344616,-122.4481224,Private room,60,1,7,3/22/2018,3.23,1,0
468490,Penthouse Panoramic View Home :),285168,Bill,,Russian Hill,37.80139095,-122.4153421,Entire home/apt,490,1,15,3/16/2018,0.28,4,347
15834994,Russian Hill home right off crooked Lombard St,3332407,Nathan,,Russian Hill,37.80174838,-122.4186227,Entire home/apt,775,2,4,1/1/2018,0.24,1,11
738547,Spectacular Bay View Russian Hill,3860047,Robert,,Russian Hill,37.80627027,-122.4191911,Entire home/apt,375,3,72,3/29/2018,1.14,1,233
11399637,2 bed suite in a Luxury Hotel,4214904,Patrick,,Russian Hill,37.80657914,-122.4220914,Entire home/apt,1200,2,5,1/21/2018,0.2,1,327
2965433,Center North Beach w/stunning views,15068891,Sharon,,Russian Hill,37.80016929,-122.4124324,Entire home/apt,293,4,34,8/8/2017,0.73,1,21
21458837,"Stylish, Classic 2BR in Russian Hill",15731948,Claire,,Russian Hill,37.79728089,-122.4203501,Entire home/apt,300,1,1,11/6/2017,0.2,1,46
14577870,Charmed Hilltop  270°  Balcony View,15815889,Justin,,Russian Hill,37.80150185,-122.4169271,Entire home/apt,495,2,25,1/12/2018,1.26,1,3
3176619,SF Luxury Flat Spectacular Views,16108021,Kiki,,Russian Hill,37.79941365,-122.4150722,Entire home/apt,750,7,7,12/28/2017,0.21,1,358
11535184,SF'S MOST  FABULOUS VIEWS -HONEYMOON SUITE 1+ BDRM,21376860,Jonathan,,Russian Hill,37.79665737,-122.4231629,Entire home/apt,269,30,39,1/21/2018,1.69,1,273
7696468,Luxury condo at Fisherman's Wharf,23968721,Assia,,Russian Hill,37.80643008,-122.4198759,Private room,225,3,4,7/30/2017,0.16,1,19
6360976,Quintessential Russian Hill 2BR Apt,25196982,Nikolas,,Russian Hill,37.79928133,-122.4194679,Entire home/apt,200,30,99,8/25/2017,2.82,2,268
10362654,Luxurious SF condo,28651428,Susan,,Russian Hill,37.80625992,-122.4223911,Entire home/apt,1500,1,7,7/3/2017,0.38,1,360
20074013,Spacious Victorian Master Bedroom in Russian Hill,32594068,Walden,,Russian Hill,37.80065077,-122.4236761,Private room,185,30,22,3/16/2018,2.67,1,89
18787583,"Suite w pvt bath, pkg & patio in Spanish Colonial",34110587,Christina,,Russian Hill,37.80148021,-122.415427,Private room,250,2,29,4/5/2018,3.03,2,1
7715542,Cozy Studio Guest Suite,40534191,Michael,,Russian Hill,37.80353258,-122.4223005,Entire home/apt,170,1,156,3/31/2018,4.97,1,210
20408951,EXCEPTIONAL RUSSIAN HILL HOME: 2Bd/2.5Ba,145546453,Marcia,,Russian Hill,37.80527994,-122.4196729,Entire home/apt,500,30,0,,,1,110
19745324,4600 SQ FT SEA CLIFF Mansion,5569348,Sako,,Seacliff,37.78648098,-122.4886825,Entire home/apt,550,30,13,3/26/2018,1.5,1,294
2134100,Ocean Beach hilltop cottage (30 day rental or more,10889606,Marty And Alexis,,Seacliff,37.78388809,-122.5085568,Entire home/apt,100,30,257,2/2/2018,5.04,1,120
16570521,Lands' End hideaway,21303289,Eugenia And Alessandro,,Seacliff,37.78733113,-122.4921169,Private room,120,4,22,3/22/2018,1.61,2,6
21190709,Two Suite SF Dream Retreat w/Golden Gate Views,28223109,Jennifer Carolyn,,Seacliff,37.78753194,-122.4926141,Private room,2500,30,5,3/25/2018,0.81,3,365
16362304,Best Master Suite in Town,36381578,Harris,,Seacliff,37.77984146,-122.5054831,Private room,75,3,42,3/15/2018,2.83,3,6
18022892,Summer in San Francisco- & close to the beach!,123931387,Milena,,Seacliff,37.78037525,-122.5059029,Entire home/apt,169,4,9,2/18/2018,0.82,2,79
21080042,Fantastic room w/pvt bath in tri-level SoMa condo,55829,Matin,,South of Market,37.77721063,-122.4136745,Private room,350,3,2,11/10/2017,0.33,1,31
3813064,Modern Apartment - Walk everywhere,121959,Carlee,,South of Market,37.77664011,-122.4158196,Entire home/apt,222,2,2,1/1/2018,0.06,2,14
51073,In the Heart of San Francisco,234859,Michelle,,South of Market,37.77116329,-122.4219948,Private room,180,2,144,3/5/2018,1.58,2,0
1747195,Amazing SoMa Victorian! Purple Room,238982,Maria,,South of Market,37.77784206,-122.4111539,Private room,100,1,223,5/21/2017,4.08,4,318
59314,Cute and Cozy Condo near Moscone,284785,Angela,,South of Market,37.7769789,-122.4104686,Entire home/apt,225,30,124,1/11/2018,1.4,1,205
138681,Modern 3 bedroom 2 bath w/parking,513978,Alvaro,,South of Market,37.77284289,-122.3968654,Entire home/apt,500,180,2,8/23/2011,0.02,1,364
117955,Stunning 2bd2bt- Roofdeck + HOTTUB!,595792,Sumner,,South of Market,37.77540808,-122.4114224,Entire home/apt,500,3,69,3/26/2018,1.04,1,209
11437442,"Relaxing Victorian room in SoMa, next to BART!",1362550,Maria Jose,,South of Market,37.77716127,-122.4093149,Private room,90,1,57,3/16/2018,4.86,4,301
11437509,"Cozy Victorian room in SoMa, next to BART station!",1362550,Maria Jose,,South of Market,37.77737163,-122.4107241,Private room,80,1,55,3/16/2018,4.55,4,264
18346141,Retro SoMa Home Close to Everything! 97 Walkscore,2074396,Danny,,South of Market,37.77708424,-122.4137375,Entire home/apt,139,3,4,1/10/2018,0.36,1,0
21472950,Bright Modern SOMA - View of Entire Bay - Location,2907650,Eric,,South of Market,37.77746197,-122.392439,Entire home/apt,150,5,2,3/9/2018,0.62,1,19
15311518,Modern private ensuite in upscale SOMA high rise!,3557407,Chitra,,South of Market,37.7765178,-122.4161649,Private room,135,3,56,3/24/2018,3.07,3,8
6836928,Huge & Sunny 3 Bedroom Soma Loft w/ parking,4486349,Pegah,,South of Market,37.77532099,-122.4076847,Entire home/apt,895,2,13,2/11/2018,0.38,1,222
1629330,Enjoy luxury condo in San Francisco,4895196,Tomasz,,South of Market,37.77958077,-122.3974322,Entire home/apt,200,30,21,3/27/2018,0.38,1,303
8159544,Modern/Convenient SOMA Room,4981058,Fred,,South of Market,37.77514406,-122.4089682,Private room,200,13,0,,,1,0
1229606,SOMA Hideaway- Corporate Stays,5215262,John,,South of Market,37.77629798,-122.4096559,Entire home/apt,104,31,101,12/24/2017,1.73,4,276
7665362,Central loft - walk to everywhere! Smarthome!!,5452140,Jesse,,South of Market,37.77682233,-122.4146469,Entire home/apt,450,2,12,3/18/2018,0.46,1,2
22631702,Modern Luxury in the Heart of it All,6230497,Dani,,South of Market,37.77615976,-122.3935667,Private room,124,3,8,3/23/2018,3.69,2,34
1205031,Bedroom in SoMa with private bath,6582569,Arturo,,South of Market,37.77621392,-122.3970299,Private room,122,2,139,3/30/2018,2.46,1,343
21619241,Luxury apartment with two master bedrooms,6680334,João,,South of Market,37.77779181,-122.4147883,Entire home/apt,240,2,3,2/19/2018,1.58,3,0
1979461,Luxury Studio With BayViews Monthly,6744265,Todd,,South of Market,37.78823267,-122.3898633,Entire home/apt,103,30,11,12/31/2017,0.35,3,211
5184693,Cozy colorful small room in shared artist loft,6794679,Ashley,,South of Market,37.77564463,-122.40068,Private room,74,1,175,4/3/2018,4.54,3,33
7698019,Large room in sunny artist loft: SF art experience,6794679,Ashley,,South of Market,37.77536108,-122.4012348,Private room,99,1,171,3/26/2018,5.47,3,64
15855471,Downtown Urban Heaven,6827998,Louis,,South of Market,37.77298113,-122.3965329,Private room,135,1,21,2/12/2018,1.23,2,82
23258791,City Views 2Br/2Ba Moscone/AT&T Park/MissionBay,7184255,Aaron,,South of Market,37.77864455,-122.3973684,Entire home/apt,350,2,1,4/2/2018,1,1,21
16242493,Sunny Modern Loft Room in ❤ of SOMA | Washer/Dryer,7884811,Jessy,,South of Market,37.77896796,-122.4035014,Private room,156,1,41,3/29/2018,3.77,2,15
1944306,"Sunny, Spacious Loft in SOMA",10056713,May,,South of Market,37.77856555,-122.4040136,Entire home/apt,140,3,17,3/24/2018,0.37,1,0
21280829,"2BR Instagram Dream in the Clouds, 270° City Views",10234050,Jane,,South of Market,37.77621697,-122.4148718,Entire home/apt,264,1,14,3/24/2018,2.75,2,69
2614474,"Modern, sunny  loft in SOMA",12967588,Cr,,South of Market,37.78174202,-122.4021881,Private room,120,5,51,3/25/2018,1.08,1,95
23401931,Luxury New Construction in SoMa,15963434,Peejay,,South of Market,37.77318344,-122.4026275,Entire home/apt,290,2,2,4/1/2018,2,1,22
16121736,"Art-filled loft in SoMA, Bright and Spacious",25327560,Lynne,,South of Market,37.77696084,-122.4118758,Entire home/apt,201,2,71,3/24/2018,5.06,1,86
5333346,Gorgeous Private room in SF Soma,27620997,Denise,,South of Market,37.7778584,-122.4117759,Private room,180,2,36,3/7/2018,1,1,98
7180020,"SoMa Second Home - ""The Soma Loft""",37614518,Vera,,South of Market,37.77944945,-122.4038159,Entire home/apt,269,4,137,3/31/2018,4.16,1,29
7439398,Modern luxury in the center of SF!,38972330,Jessica & Tom,,South of Market,37.77533803,-122.4176948,Entire home/apt,339,30,22,2/1/2018,0.67,1,90
22740977,Luxury apartment in DT,54685508,Alice,,South of Market,37.7766706,-122.4145255,Entire home/apt,239,1,0,,,1,202
23258326,Live smart Live Cheap Live Comfortable (SOMA),63949014,Ronil,,South of Market,37.77149618,-122.4033913,Private room,85,1,5,3/31/2018,5,1,37
18639124,Downtown High Rise SF Apartment near MUNI/BART,68433775,Jane,,South of Market,37.77908957,-122.4142548,Entire home/apt,199,1,30,1/6/2018,2.94,2,6
14465169,"Large Private Bedroom, close SF downtown",81009974,Lisa,,South of Market,37.78258387,-122.395086,Private room,112,1,29,10/1/2017,1.44,2,108
21920818,Awesome Furnished Studio near waterfront,159944936,Tata,,South of Market,37.78120462,-122.3893991,Entire home/apt,105,7,2,3/10/2018,0.48,1,35
23208181,Hayes Valley Master Bedroom BUSINESS READY,166447017,Rob,,South of Market,37.77453152,-122.4197924,Private room,195,2,0,,,2,50
23671493,SOMA Luxury 2B2B Patio Apartment with View,177262905,Charlie,,South of Market,37.77619065,-122.4123989,Entire home/apt,570,1,2,3/30/2018,2,1,259
24092603,FANCY 5 PRIVATE BEDROOM IN SOMA / DOWNTOWN,181361223,Evan,,South of Market,37.78082963,-122.4089942,Private room,65,1,0,,,5,252
269756,Comfortable Home in Twin Peaks!,1409731,Daniel,,Twin Peaks,37.75109701,-122.4511346,Entire home/apt,200,3,7,8/12/2016,0.18,1,13
19161692,Room in Upper Market / Twin Peaks Condominium with Downtown views,3740905,Michelle,,Twin Peaks,37.75629349,-122.4420284,Private room,150,2,6,11/9/2017,0.61,1,0
9078894,Luxury SF Oasis~Ample Parking,9856291,Michele,,Twin Peaks,37.75291411,-122.4521738,Entire home/apt,595,2,18,3/25/2018,0.68,2,156
16068425,Newly Renovated Home in Geo Center of City,10784845,Amy,,Twin Peaks,37.75041046,-122.4519343,Entire home/apt,189,3,13,3/31/2018,0.81,2,29
2510224,BR+Balcony in Artistic Sanctuary :),12849180,Sahar,,Twin Peaks,37.7466687,-122.4537543,Private room,80,30,21,11/8/2017,0.53,4,88
3201044,Stylish & Contemporary ,16222607,Alvaro,,Twin Peaks,37.7467936,-122.4476166,Entire home/apt,600,3,14,3/7/2018,0.3,1,357
5415450,"SF Twin Peaks Ultra Clean Cozy Modern Room, Views",18474672,Farzad,,Twin Peaks,37.74790045,-122.4462783,Private room,78,4,129,3/25/2018,3.4,2,134
4445540,1BDR Castro/Twin Peaks Lookout,23071835,Jason,,Twin Peaks,37.75726044,-122.4450196,Entire home/apt,146,30,31,1/31/2018,0.93,3,290
8053887,Spacious Home Private Garden Upper Market,36438821,Louise,,Twin Peaks,37.75967317,-122.4468763,Entire home/apt,185,4,150,4/1/2018,4.79,1,25
13735664,"Serene, Japanese-Inspired Room in House near Twin Peaks",43707666,Linda,,Twin Peaks,37.75166608,-122.4521171,Private room,158,3,50,4/1/2018,2.37,1,287
19892991,>>> Best Cozy Comfy Twin Peak Home <<<,140833338,Rawan,,Twin Peaks,37.74894802,-122.4470408,Entire home/apt,300,2,3,4/6/2018,1.03,1,108
6991935,Beautiful private studio,8367424,Chait,,Visitacion Valley,37.71751865,-122.4027205,Entire home/apt,80,2,27,2/17/2017,0.98,1,157
22469468,Private master bedroom in SF (private bath & deck),10267172,Cédric & Jun,,Visitacion Valley,37.72188707,-122.4036997,Private room,130,2,17,4/1/2018,6.46,1,190
12288524,Private Quarters in Luxury Home,11886896,Emanuel,,Visitacion Valley,37.71174326,-122.3989089,Entire home/apt,250,2,70,3/17/2018,3.03,4,21
23131682,New 1BR/1BA with Panoramic City and Bay View,30319894,Xu,,Visitacion Valley,37.72304776,-122.4053628,Private room,60,1,4,2/25/2018,2.45,2,0
20309397,Comfy New 2BD | Private and Near Freeways,110241852,Angie,,Visitacion Valley,37.70569825,-122.417828,Entire home/apt,210,1,25,4/4/2018,4.87,3,100
23773398,Massive Home Perfect for Large Groups & Biz Trips,118436227,Jason,,Visitacion Valley,37.70678982,-122.4163827,Entire home/apt,680,1,0,,,6,118
20439767,Quiet & Cozy Bedroom with Private Bath & Entrance,145867343,Ming,,Visitacion Valley,37.72270923,-122.4044163,Private room,80,1,35,3/31/2018,4.47,1,155
21297037,Quiet two-story condo with roof deck and views,6267,Michael,,Western Addition,37.76938278,-122.4344252,Entire home/apt,500,5,1,11/25/2017,0.22,1,0
1615088,AlamoSquare w/2 Twin XL or King bed,180342,Jack & Jason,,Western Addition,37.78009476,-122.4386478,Private room,99,2,136,3/4/2018,3.55,2,292
22568473,Witchy Bohemian Victorian guest room in NOPA,224980,Robin,,Western Addition,37.77703179,-122.4415125,Private room,99,1,7,2/27/2018,2.39,2,0
56200,Furnished Grand Victorian Flat,266101,Christie,,Western Addition,37.78628892,-122.4395658,Private room,132,30,266,7/10/2017,2.93,1,365
72365,Cozy loft in the center of SF. F1A,374909,Eric,,Western Addition,37.77518125,-122.4333409,Entire home/apt,130,30,62,2/21/2018,0.72,1,211
1344752,3BR Luxe & Spacious L Pac Hts Flat,417366,Patti,,Western Addition,37.78558079,-122.4441356,Entire home/apt,389,4,121,3/23/2018,2.26,1,46
491867,Central San Francisco Urban Dream,969518,Sona,,Western Addition,37.77296312,-122.4349706,Entire home/apt,350,2,27,3/19/2018,0.39,2,58
13687128,NOPA Victorian w/ backyard & patio,998630,D,,Western Addition,37.7779539,-122.4429153,Private room,80,30,22,11/10/2017,1.02,1,346
18893442,"Bright, Spacious Hayes Valley Apartment",1011441,Julio G.,,Western Addition,37.77649415,-122.4303855,Entire home/apt,300,3,11,3/23/2018,1.42,1,223
3354928,Charming Victorian Glamour,1423294,Tan,,Western Addition,37.78876371,-122.4298963,Private room,350,3,88,3/22/2018,1.93,2,141
783135,Huge 1BR Apartment + Garden (NoPa),1455701,Jules,,Western Addition,37.77596419,-122.4452493,Entire home/apt,160,5,104,3/27/2018,1.62,1,59
938330,Cute & Sunny Bird’s Nest-View Studio all yours!,1482291,Gigi,,Western Addition,37.78180067,-122.4434808,Entire home/apt,180,30,15,6/18/2017,0.25,1,8
808660,Private 1BR Apt. in Heart of SF!,1607501,David,,Western Addition,37.78460335,-122.4438868,Entire home/apt,130,30,223,1/14/2018,3.51,1,195
14827566,Victorian Room for Simple Well-Being & Convenience,1666254,Kandle,,Western Addition,37.77738353,-122.4312006,Private room,75,1,144,3/21/2018,7.54,2,95
19089309,"Private Garden Guest Suite, Epicenter of SF",2113321,Regina,,Western Addition,37.77198334,-122.4314607,Entire home/apt,132,1,10,3/31/2018,5.45,1,47
16542790,Garden-level Single Room,2513762,Trey,,Western Addition,37.77178456,-122.426144,Private room,56,2,9,3/28/2018,0.6,3,9
10828944,Hayes Valley Victorian Home,2513762,Trey,,Western Addition,37.77219074,-122.4256455,Entire home/apt,300,2,14,3/30/2018,0.7,3,8
19995782,Cozy Flat Near Alamo Square,3251747,David,,Western Addition,37.77483403,-122.4340638,Entire home/apt,150,2,4,4/1/2018,4,1,1
1738415,"Mermaid X*ng, Central yet Quiet HayesV*1 BDR*1.5Ba",3273603,Donna,,Western Addition,37.77358049,-122.4280637,Entire home/apt,180,1,329,4/1/2018,6.01,2,123
4936887,Huge 2 BR Flat in Historic Victorian with PARKING,3442905,Simone,,Western Addition,37.7865932,-122.4422237,Entire home/apt,275,2,207,3/19/2018,5.28,4,130
8119395,Grand 4-Level Painted Lady Victorian with Parking,3442905,Simone,,Western Addition,37.78518235,-122.4428292,Entire home/apt,2250,2,9,2/23/2018,0.43,4,270
682134,A Modern Space for Urbanites,3471857,Mark,,Western Addition,37.77430742,-122.4285219,Entire home/apt,170,30,66,3/29/2018,0.98,1,341
15486470,Stunning 1882 Victorian in  Fabulous Hayes Valley!,3585086,Suzanne,,Western Addition,37.77707387,-122.4285851,Entire home/apt,410,1,57,4/4/2018,5.96,1,98
708731,Private Entry to Private Bed/Bath w Garden Outside,3645596,Karen,,Western Addition,37.78221152,-122.4370788,Private room,120,3,193,3/29/2018,3.14,1,246
1489782,"Stylish, central NOPA Flat",3695323,Ruth,,Western Addition,37.77736076,-122.4361,Entire home/apt,300,2,42,11/9/2017,0.74,2,216
15162895,Garden 2BR Condo/Great Location/Lower Pac Heights,3843134,Jack,,Western Addition,37.78577397,-122.44146,Entire home/apt,199,4,7,3/15/2018,0.38,1,41
2209751,"Peaceful, clean and centrally located.",3926041,Jason And Oscar,,Western Addition,37.77341637,-122.4356615,Private room,125,2,101,4/4/2018,3.84,1,25
20750046,Seaglass Suite,4203692,Jessica,,Western Addition,37.77897016,-122.4453542,Entire home/apt,125,5,2,3/26/2018,2,1,89
7437925,Lower Haight/Nopa Appointed Condo  Parking+Hot Tub,4435448,Carl,,Western Addition,37.77115366,-122.4367912,Private room,125,30,147,12/12/2017,4.5,5,260
17010389,Lwr Haight/NOPA Studio inside  larger home+parking,4435448,Carl,,Western Addition,37.77094555,-122.4354968,Private room,110,1,30,4/2/2018,2.11,5,351
1460174,"Unique, Modern Apartment with Contemporary Art",5244284,Julia,,Western Addition,37.77895073,-122.4363379,Entire home/apt,575,3,41,2/25/2018,0.74,2,302
1103797,Remodeled Victorian Flat w/ Garden,6062220,Luke,,Western Addition,37.78520596,-122.4427874,Entire home/apt,400,3,21,8/14/2017,0.63,1,12
21163876,Stunning Modern 2 bdrm apartment,7682817,Hai,,Western Addition,37.78258648,-122.4377345,Entire home/apt,199,2,2,1/13/2018,0.46,1,0
5309235,Awesome room in the BEST location,8261862,Elliott,,Western Addition,37.77441809,-122.4347858,Private room,90,3,32,10/8/2017,0.84,1,227
1696666,Alamo Square,8958907,Judy,,Western Addition,37.77721896,-122.4365559,Entire home/apt,900,1,121,3/22/2018,2.22,1,342
3042811,Quaint 1-BR Victorian in Lower Haight/Hayes Valley,9708248,Andy,,Western Addition,37.77079893,-122.42713,Entire home/apt,200,2,17,3/5/2018,0.39,1,2
22827448,SF Designer Townhouse in Pacific Heights,9709390,J.J.,,Western Addition,37.78584428,-122.4329729,Entire home/apt,295,7,1,3/21/2018,1,1,7
6730473,Penthouse apartment w skylights,10501924,Karen,,Western Addition,37.77855066,-122.4386426,Entire home/apt,103,4,63,3/25/2018,1.85,5,242
2048834,NOPA Studio apartment,10501924,Karen,,Western Addition,37.77802999,-122.440168,Entire home/apt,110,5,146,3/25/2018,2.79,5,232
2315086,"Pacific Heights, 2 rooms & parking!",11804983,Ron,,Western Addition,37.78628604,-122.4456956,Private room,145,3,212,3/26/2018,4.26,1,259
6402782,2 Bedroom Apt in NOPA with Parking,12372064,Julia L.,,Western Addition,37.77700121,-122.4413104,Entire home/apt,185,5,88,3/8/2018,2.61,1,70
2612741,Cozy Garden Cottage,13379673,Robert,,Western Addition,37.77027691,-122.4347894,Entire home/apt,200,3,81,3/17/2018,1.77,1,9
12623927,Explore the City from a Room in a Cali-Cool Apartment,13635803,Yves,,Western Addition,37.77153381,-122.4309908,Private room,237,1,53,3/29/2018,2.33,1,19
21529297,Beautiful 1-BR in Heart of SF nr Alamo Sq & Castro,15293495,Charlie,,Western Addition,37.77334878,-122.4294688,Private room,150,2,29,4/2/2018,5.69,2,52
3013427,San Francisco: City of Love,15357373,Ding,,Western Addition,37.7791676,-122.4462693,Private room,140,3,46,3/29/2018,0.97,4,342
12994980,Central Sunny 3BR Home w/ Pkg,15970171,Markley,,Western Addition,37.77057158,-122.4270818,Entire home/apt,715,6,5,1/3/2018,0.23,1,46
3271517,Private guest suite and bathroom,16388308,Cort,,Western Addition,37.77080542,-122.4301776,Private room,125,3,176,3/11/2018,3.79,1,259
4069917,In the center of the city!,21109147,Mike,,Western Addition,37.76941609,-122.4303164,Entire home/apt,225,3,70,3/30/2018,1.74,1,0
13735115,Exquisite Grand Victorian,23195770,Celia,,Western Addition,37.77785457,-122.4437238,Entire home/apt,1500,2,2,8/27/2017,0.25,2,34
7421008,Nopa Oasis,33686673,Fiona,,Western Addition,37.77665707,-122.4430856,Entire home/apt,249,30,123,4/3/2018,3.79,1,362
8125277,House in Central Location - Monthly,42907890,Nisha,,Western Addition,37.78255464,-122.4381035,Entire home/apt,360,30,19,8/18/2017,0.61,1,247
8306331,HUGE 4BR/2B Lower Pac Heights Flat,43787239,Tina,,Western Addition,37.78499732,-122.4380941,Entire home/apt,700,5,29,3/24/2018,0.98,2,119
16585655,Large and Peaceful Flat near Alamo Square,48537207,Knute,,Western Addition,37.77736357,-122.440287,Entire home/apt,248,7,9,1/2/2018,0.64,1,8
9402993,Alamo Square Painted Lady,48763599,Jimmy And Maury,,Western Addition,37.77861563,-122.432209,Entire home/apt,550,1,12,3/31/2018,0.54,2,0
19407065,Private in-law centrally located,56358643,Todd,,Western Addition,37.77872896,-122.4439614,Entire home/apt,165,2,26,4/1/2018,3.71,1,90
14383718,San Francisco Shared Space Getaway,69249358,Leena,,Western Addition,37.78309777,-122.4457811,Shared room,75,1,3,10/3/2016,0.16,2,322
18900978,Private 2 BR 1 BA in modern townhouse Hayes Valley,71409219,Sabrina,,Western Addition,37.77623195,-122.4232111,Private room,250,2,8,8/8/2017,0.84,1,0
19292950,Bright Sunny Victorian in Hayes Valley.,88135938,Helen,,Western Addition,37.77379183,-122.4273231,Private room,100,1,23,3/30/2018,2.52,1,13
16706877,Secluded One-Bedroom House in Lower Haight/Castro,110690066,J,,Western Addition,37.77007839,-122.4325508,Entire home/apt,119,1,85,3/25/2018,5.76,1,16
23463634,private rm 5min to downtown ggbridge and park view,117841976,Paul,,Western Addition,37.77958476,-122.4407319,Private room,75,1,1,3/22/2018,1,6,24
20522264,The McAllister Victorian Five,144726151,Matthias,,Western Addition,37.77753307,-122.4344396,Private room,92,1,26,3/18/2018,3.44,1,35
22512581,Hayes Valley Haven - sunny with private entrance,152997097,James,,Western Addition,37.77249089,-122.4269445,Private room,90,2,9,3/17/2018,2.93,2,72
23360979,Heavenly Private Room-Queen Bed-Best Location,167573274,Karen,,Western Addition,37.76944474,-122.4302772,Private room,95,3,4,3/23/2018,3.75,2,44
23015691,Incredible Central Location - Private Bedroom,169518625,Chris,,Western Addition,37.77228091,-122.4264783,Private room,90,3,6,3/25/2018,3.27,1,39
2538807,Cozy suite in quiet area by subway,783438,Phil,,West of Twin Peaks,37.74299453,-122.4666352,Entire home/apt,69,4,160,3/27/2018,3.25,3,58
280549,Bungalow Rooms with Great Views,1454829,Luise,,West of Twin Peaks,37.73773413,-122.4495553,Private room,250,1,27,11/8/2017,0.47,1,336
7196412,Spacious Studio near Twin Peaks!,2612804,Clara,,West of Twin Peaks,37.74602497,-122.455397,Private room,130,2,57,3/13/2018,1.73,1,89
20424542,Comfy Studio near MUNI subway,5009045,Michael,,West of Twin Peaks,37.74406151,-122.4591803,Entire home/apt,100,2,11,3/23/2018,1.86,1,182
1261122,Perfect West Portal Private Suite!,6869592,Sharon,,West of Twin Peaks,37.73460566,-122.4686154,Entire home/apt,130,3,67,3/10/2018,1.18,2,278
14773919,5 STAR RATED PRIVATE STUDIO WITH PANORAMIC VIEW,9193625,Terry,,West of Twin Peaks,37.73650109,-122.4541305,Private room,97,3,50,3/26/2018,3.13,1,47
5616609,Cozy studio with Private entrance,27289856,Kevin,,West of Twin Peaks,37.74035267,-122.4531883,Private room,141,2,94,3/29/2018,2.54,1,82
21028247,Spacious 2 BR in San Francisco. Views! Parking!,28932312,Liliya And Alexander,,West of Twin Peaks,37.72735987,-122.4625599,Entire home/apt,179,3,12,4/1/2018,1.99,2,27
6940354,Private Room in Beautiful SF Home,31607663,Ximena,,West of Twin Peaks,37.72428044,-122.45723,Private room,90,3,3,8/22/2015,0.09,3,139
12957659,"3BR/3BA w/views, 2500 sq ft",39740662,Tracey,,West of Twin Peaks,37.73021685,-122.4556526,Entire home/apt,299,3,1,4/2/2018,1,2,0
10023678,"Gorgeous 3 BR 2 lvl, fabulous neighborhood & views",51468401,Ashima,,West of Twin Peaks,37.73410176,-122.4487631,Entire home/apt,299,3,1,1/2/2017,0.07,1,0
13313452,"Luxury Home w/large yard, parking, laundry, Muni..",75245228,Candice,,West of Twin Peaks,37.74570746,-122.4569147,Entire home/apt,600,2,3,11/10/2017,0.14,1,0
15720967,"Private, Spacious Zen-Like Studio Bedroom/Bathroom",79406824,Gregg A.,,West of Twin Peaks,37.74082457,-122.4588399,Private room,115,30,0,,,2,90
14168466,Robinhood in Sherwood Forest,85743611,Kristin,,West of Twin Peaks,37.73746929,-122.454915,Private room,90,1,31,11/6/2017,1.53,1,0
20681294,West Portal Private Bedroom & Bathroom,108932297,Kristin,,West of Twin Peaks,37.73997526,-122.4696033,Private room,110,1,4,3/23/2018,0.61,1,88
23681162,"Prime location, large West Portal 4bd/1.5bth home",117625591,Beverly,,West of Twin Peaks,37.74008384,-122.4678758,Entire home/apt,700,2,0,,,1,177
21281846,"The Hommie 2
San Francisco",125180594,Kim,,West of Twin Peaks,37.74267123,-122.4687222,Private room,100,1,33,4/1/2018,7.07,2,13
21812971,$10k Long Term Spacious Renovated Miraloma Home,154264786,Hoa,,West of Twin Peaks,37.73916427,-122.4496585,Entire home/apt,399,60,7,2/24/2018,1.53,2,355
24177517,Luxurious 2 Bedrooms near Twin Peaks (2),182094256,Eric,,West of Twin Peaks,37.74690061,-122.4595681,Private room,215,1,0,,,4,89
24176906,Luxurious 2 Bedrooms near Twin Peaks (1),182094256,Eric,,West of Twin Peaks,37.74705928,-122.4594379,Private room,215,1,0,,,4,83
18700983,58' Yacht 2 Cabin Wifi TV Epic Sun Deck SF Pier 39,4966974,Edward,,North Beach,37.81082679,-122.408731,Entire home/apt,259,2,22,2/22/2018,2.22,3,29
1080408,Downtown View Room Near Castro,5381076,John,,Castro/Upper Market,37.76094249,-122.4438836,Private room,90,2,20,2/25/2018,0.5,2,2
13267277,Private Room#2 with 2 beds,70369610,Vincent,,Ocean View,37.71388392,-122.4632591,Private room,65,3,75,2/23/2018,3.37,2,148
7697503,Kingsize bed. 1 Minute to transport,26653102,Dayne,,Parkside,37.74365375,-122.4764205,Private room,80,2,32,4/5/2018,0.99,4,18
24063893,MODERN NEWLY REMODELED CONDO - MARINA DISTRICT,181162426,Charmaine,,Marina,37.80124671,-122.4364889,Entire home/apt,175,1,1,4/1/2018,1,1,254
4104344,Contemporary SF - Private Bath #2,1635200,David,,Castro/Upper Market,37.76255221,-122.4454826,Private room,123,2,95,3/27/2018,4.07,2,34
18550910,Comfy Bedroom Sleeps 2 near Haight Street,123485258,Joe,,Haight Ashbury,37.76915352,-122.4486807,Private room,150,2,7,3/18/2018,1.2,4,75
909052,Modern Pied-a-Terre,4873613,Scott,,Inner Richmond,37.78539782,-122.4643138,Entire home/apt,190,14,48,12/22/2017,0.78,1,280
20637303,"1900 Edwardian; Noe Vly Master+Cozy Qn., 2bdrm",18151037,Valerie,,Noe Valley,37.75147489,-122.4369388,Private room,225,2,0,,,9,234
738493,PRIVATE BDRM in LG 2BDRM/2BATH FLAT,3347282,Josh,,Potrero Hill,37.76037041,-122.404145,Private room,168,2,5,9/13/2017,0.09,3,300
23714456,Spacious and Bright Home | Family & Business Ready,118436227,Jason,,Visitacion Valley,37.70806428,-122.418212,Entire home/apt,134,1,2,3/17/2018,2,6,4
14770612,"Huge Penthouse Apartment, Roofdeck, Hot Tub, 2BR",3445108,John,,Bayview,37.71868721,-122.3884184,Entire home/apt,250,3,9,3/24/2018,3.1,2,94
10989099,Charming Cole Valley Victorian,57430925,Mikey & Mike,,Inner Sunset,37.76295267,-122.4544742,Entire home/apt,145,2,109,3/22/2018,4.18,1,62
10088395,Castro Penthouse 1bd & Private Bath,42138725,Stephen,,Castro/Upper Market,37.76222879,-122.4300002,Private room,100,2,81,4/1/2018,3.05,1,284
4258545,Jazzy Room,11883320,Kim,,Inner Richmond,37.77982369,-122.4546992,Private room,145,3,33,8/17/2017,0.78,7,182
21099478,A beautiful home in Noe Valley,12135338,Ravit,,Glen Park,37.74185526,-122.4266587,Entire home/apt,198,2,5,3/25/2018,1.12,1,0
1434314,Stylish Noe Valley View Home,883556,Alex,,Noe Valley,37.74645482,-122.4333624,Entire home/apt,490,3,81,3/31/2018,1.43,1,131
15484215,Comfortable oasis in the Castro!,1340541,Kayla,,Castro/Upper Market,37.7601967,-122.4428218,Entire home/apt,400,3,5,3/31/2018,2.11,2,97
22532009,Jj's Homes,158469625,Jinza,,Twin Peaks,37.75176654,-122.4498325,Entire home/apt,365,2,7,3/31/2018,4.47,1,289
16779078,301 - PERFECT LOCATION. 2 beds. Sleeps up to 4!,93714995,325,,Financial District,37.79034469,-122.4064667,Private room,139,1,71,4/2/2018,4.83,13,48
7517932,Spacious Renovated Garden Apartmt,5919636,Jennifer,,Castro/Upper Market,37.76104031,-122.4416757,Entire home/apt,250,3,20,2/19/2018,0.61,2,45
10829828,"Sunny, beautiful & newly remodeled!",56076559,Deborah,,Inner Richmond,37.78290574,-122.4594941,Entire home/apt,750,4,16,2/25/2018,0.73,2,8
23271702,Stratford Hotel Room Queen,173206762,Stratford,,Downtown/Civic Center,37.78599699,-122.4083711,Private room,79,1,0,,,63,1
95243,Lovely 2 BR Flat on Telegraph Hill,292491,Margie,,North Beach,37.80298721,-122.4093699,Entire home/apt,400,2,21,2/25/2018,0.25,2,47
12712281,Central Exec Corp Apart,69111881,Jillian,,Financial District,37.79340832,-122.3998193,Entire home/apt,350,5,20,1/12/2018,0.88,1,83
21165478,"The Guest Suite, a Romantic Garden Retreat in NOPA",758670,Donna,,Western Addition,37.77763948,-122.4425566,Entire home/apt,210,4,3,3/30/2018,1.53,1,126
467839,CALEF HOUSE Rm 3 in Beaut SF Vict!,109045,Ronda,,Western Addition,37.78881144,-122.4294086,Private room,105,2,62,4/4/2018,0.91,3,359
23551361,Stratford Hotel Room Full,173206762,Stratford,,Downtown/Civic Center,37.78768302,-122.4087678,Private room,69,1,2,3/16/2018,2,63,5
14056095,Quintessential San Francisco on Russian Hill,6940648,,,Russian Hill,37.80076746,-122.412902,Entire home/apt,248,3,49,3/29/2018,2.53,1,96
22452250,Spacious Flat in a Prime Marina location!,164513796,John,,Pacific Heights,37.79626093,-122.4305516,Entire home/apt,425,2,12,4/2/2018,4.29,1,39
22970151,Artistic 1BR Apartment in Beautiful Russian Hill,168622682,Ceri,,Russian Hill,37.79888301,-122.4233535,Entire home/apt,350,2,9,4/1/2018,4.29,1,119
10392074,"Fabulous, fabulous flat...",61601,Nick,,Western Addition,37.77929705,-122.4407695,Entire home/apt,175,6,8,1/1/2018,0.34,1,22
12270642,Dbl Bed In a Shared Dorm @Hostel #1,22931450,Sarah,,North Beach,37.79924819,-122.4045964,Shared room,69,1,43,3/27/2018,1.79,22,231
1110787,1 Bedroom Apt in Pacific Heights - Great Location!,4253943,Amanda,,Pacific Heights,37.78983032,-122.4348141,Entire home/apt,229,3,62,3/22/2018,1.03,1,7
9180885,Pacific Heights Top Floor w/ Views,12331692,Feras,,Pacific Heights,37.78974381,-122.4291943,Entire home/apt,358,1,70,4/1/2018,2.36,1,324
1101403,"2b/2b modern condo, super location",2335495,Hao,,Mission,37.7681406,-122.4253676,Entire home/apt,300,2,24,3/25/2018,0.42,2,20
21054696,Classy Castro Victorian,16301581,Gabriel,,Castro/Upper Market,37.76181741,-122.4357489,Entire home/apt,499,2,3,3/4/2018,0.68,1,30
992596,Family-friendly 2BR home in best SF neighborhood,5450691,MacPhee Family,,Russian Hill,37.80094298,-122.412808,Entire home/apt,250,4,21,8/11/2017,0.36,1,101
8799100,3BR Victorian on Dolores Park,46107941,Patti & Rob,,Mission,37.76176009,-122.4249238,Entire home/apt,545,2,17,11/26/2017,0.61,1,0
17345722,"Light filled, stylish Dolores Park Edwardian flat",1201229,Risa,,Castro/Upper Market,37.76156477,-122.4288471,Entire home/apt,250,3,8,2/26/2018,0.74,1,0
10749747,San Francisco Mission Terrace Home,1563282,Linda,,Outer Mission,37.72777517,-122.4424082,Private room,100,2,0,,,1,154
14788324,City Refuge w Private Entrance+Spacious Backyard,4381076,Grace,,Ocean View,37.72026668,-122.4578486,Entire home/apt,108,1,32,3/9/2018,1.66,2,47
4556764,San Francisco City Fog Nights Special!! Sleeps 6,23621923,Rebecca,,Outer Mission,37.72692983,-122.4483907,Entire home/apt,269,5,7,7/3/2016,0.21,2,0
5346803,Modern oasis with Victorian charm,105051,Barbara,,Western Addition,37.77308303,-122.4341741,Entire home/apt,195,7,124,10/16/2017,3.35,1,162
677207,Modern 3 Bedroom SF  View Home,3443238,James,,Castro/Upper Market,37.76498804,-122.4426176,Entire home/apt,395,3,51,12/25/2017,0.75,1,40
23521739,Home Away From Home Too! Room #3,17572711,James,,Bayview,37.72862904,-122.3866515,Private room,37,30,0,,,4,2
23290433,"luxurious apartment, civic center, downtown SF",38862619,Amr,,South of Market,37.77744803,-122.4149586,Entire home/apt,750,30,3,3/29/2018,2.37,1,325
19529795,Simple but comfortable abode near GG Park,27119680,Gerri,,Outer Sunset,37.76120621,-122.4810665,Entire home/apt,90,3,1,7/29/2017,0.12,1,34
23122545,Family Home w/Free Parking+Laundry ~ Ocean Beach,164392538,Yevgen,,Outer Sunset,37.75188928,-122.4996529,Entire home/apt,248,2,5,4/1/2018,4.05,2,166
23029140,Fabulous Union Square,74541016,Philip,,Downtown/Civic Center,37.78975247,-122.4111058,Private room,50,30,7,3/31/2018,4.12,1,116
23343140,Loft Queen Bed Small Private Room-Great Location,161765721,David,,Castro/Upper Market,37.76688494,-122.4306942,Private room,72,3,4,3/28/2018,4,3,25
18858375,Private Room with Bath Next to Golden Gate Park,29219186,Jeff,,Outer Sunset,37.76383309,-122.4821363,Private room,55,30,6,12/12/2017,0.97,1,81
18492721,Luxury Style Smart Studio  City Loft,127788105,Craig,,South of Market,37.77410662,-122.4024929,Entire home/apt,169,30,19,9/5/2017,1.73,1,0
18582383,Noe/Castro two-bedroom penthouse apartment,2721813,Robert,,Noe Valley,37.75567436,-122.4356764,Entire home/apt,175,30,33,2/13/2018,3.07,1,75
15915145,Modern Luxury Bernal Heights Flat—on Precita Park,28754131,Loretta,,Bernal Heights,37.74706184,-122.4127454,Entire home/apt,150,30,25,1/25/2018,1.69,1,362
18123964,Private Room in North Beach - Amazing Location!,16830466,Hannah,,Russian Hill,37.80168886,-122.4134096,Private room,85,31,39,1/23/2018,3.37,1,34
21065885,Unique SF Looking Glass Penthouse Suite with Views,28223109,Jennifer Carolyn,,Seacliff,37.78703531,-122.4932154,Private room,4000,30,0,,,3,365
15483246,Embarcadero Ferry - amazing views!!,72518543,Tory,,Financial District,37.79158845,-122.3930435,Entire home/apt,209,30,4,1/10/2017,0.23,1,89
15523355,Warm Victorian BR - w/ private sink & 2 closets,2001297,Urs,,Mission,37.75917544,-122.4082493,Private room,58,31,0,,,6,269
19826952,3BR/2BA San Francisco's finest location!,65227208,Barbara,,Marina,37.80222699,-122.4436093,Entire home/apt,495,30,11,12/6/2017,1.44,1,66
14988703,Mission Bay/SOMA with an Oakland Bay view,94478439,Carole,,Potrero Hill,37.76266751,-122.3947399,Entire home/apt,135,30,27,1/3/2018,1.44,1,273
14896095,Bay view in prime location in North Beach,93485883,Dave,,Russian Hill,37.80262766,-122.4193817,Entire home/apt,193,30,30,2/7/2018,1.57,1,25
15250621,Fresh Ocean Breeze and Sunset view,29248670,Marilou,,Parkside,37.74273954,-122.5053512,Private room,120,31,4,9/14/2017,0.42,3,0
21836601,Hidden Sanctuary with Quick & Easy Access to Downtown/Financial Dist,159220529,Debbie,,Castro/Upper Market,37.76754826,-122.431302,Entire home/apt,175,30,20,3/28/2018,5.45,1,135
22088324,Centrally Located Room in San Francisco,137980,Jack,,Castro/Upper Market,37.75925136,-122.4393659,Entire home/apt,250,30,0,,,1,260
21818528,Beautiful 1BR 1.5 BA Garden Apartment in Noe,2282907,Tobias,,Glen Park,37.73917742,-122.4262101,Entire home/apt,122,30,6,2/24/2018,1.57,1,0
17722015,Private Master bedroom & bath in the heart of SF,2209375,Erin,,Western Addition,37.78396171,-122.4442286,Private room,80,30,14,11/1/2017,1.09,1,0
17444005,Outer Sunset Gem,118057447,Luis,,Outer Sunset,37.76071668,-122.5080865,Entire home/apt,165,30,45,1/22/2018,3.62,1,149
17833058,Heart of North Beach - Private 1 BD/1BA,119674934,John,,North Beach,37.80116057,-122.4076765,Entire home/apt,150,30,56,12/31/2017,4.88,1,160
17434603,Modern Hotel Room with in Downtown SF,4634719,Nannette,,Chinatown,37.79077018,-122.4067839,Entire home/apt,700,31,2,11/9/2017,0.22,2,8
17191322,NEW Studio Cozy Top Floor Center of the SF Action,106605249,Sam,,Downtown/Civic Center,37.78703918,-122.4172841,Entire home/apt,90,30,88,3/2/2018,6.32,1,72
16986456,"Flexible, Luxury South Beach/SOMA condo",14059180,Darryl,,South of Market,37.78506813,-122.3903426,Entire home/apt,245,30,19,2/2/2018,1.34,1,329
17931634,"Explore Bernal Hill from a Bright, Modern Studio",122938764,Jan,,Bernal Heights,37.74424619,-122.4185342,Entire home/apt,100,30,21,2/11/2018,1.84,1,200
16569308,Luxury Designer Flat in Pacific Heights,3843691,Amber,,Pacific Heights,37.7915008,-122.437784,Entire home/apt,250,30,8,1/2/2018,0.75,2,363
16570444,Designer Room in Luxury Flat @ Pac Heights,3843691,Amber,,Western Addition,37.78458316,-122.4362663,Private room,114,30,4,6/10/2017,0.26,2,179
8324569,Lwr Haight /Nopa Appointed Condo2 Parking+Hot Tub,4435448,Carl,,Western Addition,37.7716479,-122.436937,Private room,125,30,116,2/9/2018,3.73,5,323
8385246,Nob Hill Beautiful Remodeled 2 Bed Art Space,44185900,Michael,,Nob Hill,37.79335999,-122.4154976,Entire home/apt,167,30,16,3/20/2018,0.53,1,230
14450414,Mission Garden Studio on Lucky Street,83854925,Jesse,,Mission,37.7510085,-122.4124635,Entire home/apt,150,30,33,1/1/2018,1.69,1,293
12310120,Cozy room with bus to downtown & airport 小巧安静的房间,66385869,Bobby,,Outer Mission,37.72700575,-122.4415286,Private room,97,2,105,3/19/2018,4.42,5,84
11152754,Bright Spacious Comfortable Room,4191595,Laura & Larry,,Bernal Heights,37.73417505,-122.425371,Private room,59,30,6,8/12/2017,0.25,3,240
10452379,Downtown SF in 15 Mins! Noe Valley Home-Sleeps 4!,53845888,Jack,,Noe Valley,37.75404291,-122.4293001,Entire home/apt,150,190,9,1/20/2017,0.35,2,0
10603148,My Beautiful City By The Bay.....San Francisco Ca.,36668744,John,,Nob Hill,37.79564579,-122.418714,Private room,98,30,64,3/17/2018,2.44,2,86
10187948,2bd/2ba Noe Valley - Monthly Rental,1885003,Hannah,,Noe Valley,37.75175257,-122.4310394,Entire home/apt,155,30,1,11/1/2016,0.06,1,0
10000523,Cozy Private Room Castro/Eureka,42786654,Jonathan,,Twin Peaks,37.75568747,-122.4412184,Private room,95,31,16,11/10/2017,0.65,1,172
21371717,"Life in SF, Bunk Bed in a Shared Room D5",154519240,Naya,,Lakeshore,37.73132136,-122.47429,Shared room,45,31,3,3/5/2018,1.73,4,305
4319230,Cozy Cottage with Views & Spacious Peaceful Loft,160586,Made,,Excelsior,37.71999682,-122.4383218,Entire home/apt,115,30,1,10/18/2016,0.06,1,241
21357794,Amazing 3 bedrooms with 2.5 bth ~ Near bus & Mall!,154616050,Ka Wah,,Ocean View,37.72110216,-122.4718758,Entire home/apt,449,30,7,1/12/2018,1.38,1,90
4250927,"Noe Valley Modern: flex 2bd/2ba, the heart of Noe!",22058927,Andy,,Noe Valley,37.75038966,-122.4389299,Entire home/apt,239,30,62,3/1/2018,1.46,1,230
1494771,Heart of Noe Valley - Modern 2 BR,1726110,Peter,,Noe Valley,37.75078356,-122.4312556,Entire home/apt,170,30,20,8/12/2017,0.36,1,245
1482273,Classic Victorian Cow Hollow 2 Bedroom,7930221,Mason,,Marina,37.79898523,-122.4316029,Entire home/apt,345,30,49,10/18/2017,0.87,1,32
1620411,Cozy Noe Valley Studio,8399182,Amitsa,,Mission,37.7501703,-122.4248682,Entire home/apt,175,3,96,3/28/2018,1.79,1,303
1352111,Pacific Heights Corporate Housing,1678230,Jenny & Norbert,,Pacific Heights,37.79005956,-122.4323644,Entire home/apt,180,30,117,3/5/2018,2.07,2,251
6691495,"Room in sunny 3br/1b townhouse w/ laundry, parking",24647444,Emma,,Potrero Hill,37.75149047,-122.3989173,Private room,80,30,4,7/29/2017,0.4,1,0
6506593,Spacious Pacific Heights 4BD Home,33693967,Mike,,Marina,37.79618678,-122.4389331,Entire home/apt,700,30,62,7/15/2017,1.8,1,270
5955398,Remodeled 3 Bedroom In North Beach,1257432,Rebecca,,Russian Hill,37.7994453,-122.4130259,Entire home/apt,206,30,9,10/12/2017,0.25,4,218
6006021,Charming sunny 2-bedroom with deck,31178938,Judy,,North Beach,37.80017041,-122.4026088,Entire home/apt,400,30,20,11/4/2017,0.59,1,180
5928915,"3 Bedrooms 2 baths, walk to Glen Park BART",9080666,Sandy,,Outer Mission,37.72835276,-122.4347141,Entire home/apt,169,30,11,1/31/2017,0.32,9,223
971495,"Location! Alta Plaza Park, Inquire for short stay.",19854,Steve,,Pacific Heights,37.79068877,-122.4372582,Entire home/apt,195,30,3,1/14/2018,0.24,1,119
1006909,2 Bedroom Home by Beach w/ Garden,622743,Sunset House,,Parkside,37.74119661,-122.478369,Entire home/apt,189,30,39,1/27/2018,0.7,1,180
958507,Amazing SOMA Victorian  Corporate,5215262,John,,South of Market,37.77719287,-122.4087119,Entire home/apt,220,31,103,12/14/2017,1.67,4,226
138619,North Beach View & Garden 1BD/1BA,644896,Matthew,,North Beach,37.79835394,-122.404197,Entire home/apt,300,30,39,7/26/2017,0.47,1,365
43732,Argent Alley Panorama,127367,Annette,,Twin Peaks,37.75191264,-122.4438536,Entire home/apt,120,30,5,8/7/2017,0.07,20,286
2710372,Romantic 2bd in Cow Hollow on Union,13832870,International,,Marina,37.79590458,-122.4375434,Entire home/apt,192,30,11,5/8/2016,0.31,5,364
2629833,Dolores Delight,13471395,Josh,,Mission,37.75392028,-122.4250217,Entire home/apt,232,30,66,2/26/2018,1.43,3,250
2594714,3 BEDROOMS 2 BATHS - Glen Park BART,9080666,Sandy,,Outer Mission,37.72666127,-122.4355098,Entire home/apt,175,30,2,8/14/2016,0.07,9,228
2587269,Great Duboce Park / Castro House,13973946,Sandra,,Castro/Upper Market,37.76616736,-122.4375298,Entire home/apt,260,30,204,3/31/2018,4.21,2,365
2166428,Sunny 1BR Apt in Haight-Ashbury,10934623,Tisa,,Haight Ashbury,37.7668757,-122.4464571,Entire home/apt,198,30,138,6/25/2017,2.7,1,90
1821543,Cozy yet spacious 1 Bedroom Apt,9536576,Raj,,Pacific Heights,37.79058866,-122.4388412,Entire home/apt,150,30,12,11/6/2017,0.25,1,195
20625135,Cheap. Safe and Comfortable,21940642,Alex,,Crocker Amazon,37.71291792,-122.4377139,Shared room,0,3,4,3/26/2018,2.22,7,150
32414,"Cozy, Sunny and Private Space",140251,Lisa,,Bernal Heights,37.74025451,-122.4125909,Entire home/apt,150,30,92,9/27/2016,0.98,1,202
3258040,The Treehouse,16476425,Joshua,,Twin Peaks,37.75822059,-122.4508965,Entire home/apt,350,5,145,6/3/2017,3.18,1,285
351978,Mission Outr BedRmD1+Fridge+Patio,305973,Maria,,Excelsior,37.73019147,-122.4231651,Private room,44,30,22,1/30/2018,0.3,11,336
166771,DOWNEY STREET - Victorian Flat,794467,Patti,,Haight Ashbury,37.76827235,-122.4467843,Entire home/apt,185,30,149,10/8/2017,1.85,1,255
9593505,Designer 3bd with views and decks!,2694430,Angie,,Mission,37.76051646,-122.4096362,Entire home/apt,400,2,51,3/18/2018,1.94,1,23
8472666,Sunny Urban Sanctuary,1155340,Linda,,South of Market,37.77218583,-122.4167222,Entire home/apt,250,2,25,3/24/2018,0.83,1,63
17430696,The Suite! Large cozy studio with private entrance,117919835,Mauricio & Tereza,,Outer Mission,37.72898132,-122.4520452,Entire home/apt,120,2,55,4/3/2018,6.02,1,186
10359909,Chic Studio Apartment near SF,30971633,Melisa,,Crocker Amazon,37.70682191,-122.4518268,Entire home/apt,99,3,19,3/27/2018,0.71,1,98
22739822,Large Beautiful Bright Living Space  1 Bdrm/1 Bath,31448877,Henry,,Ocean View,37.70641516,-122.4631517,Entire home/apt,150,1,5,4/3/2018,2.31,3,81
23551954,Stratford Hotel Room Full,173206762,Stratford,,Downtown/Civic Center,37.78650491,-122.4073529,Private room,69,1,0,,,63,3
640352,"Hip open floor plan loft, 4 min walk from Moscone!",1256564,Jessica & Steven,,South of Market,37.78128197,-122.4034604,Entire home/apt,975,1,94,3/2/2018,1.38,1,350
2074584,Clean and Modern Mission Cottage,301914,Autumn And Richie,,Mission,37.76494551,-122.4205757,Entire home/apt,206,3,159,3/7/2018,3.1,1,0
6938818,Best Secret in Town,36381578,Harris,,Seacliff,37.78065902,-122.5056348,Private room,65,3,74,3/24/2018,2.19,3,62
3325741,Nice room--walk to Castro and Noe,6777297,Robert And Juan Carlos,,Noe Valley,37.75525157,-122.4399472,Private room,79,1,279,3/30/2018,6.2,1,44
8595304,Private Room Single Family House For 1 Guest Only,4033641,Christina,,Noe Valley,37.74655647,-122.4374543,Private room,225,2,3,10/8/2016,0.15,2,316
23705294,CHARMING SPACIOUS WALL MURAL ROOM,150288710,Murat,,Mission,37.75080212,-122.408159,Private room,1110,2,1,3/30/2018,1,4,34
9471413,Renovated Mission-Dolores Flat,3964836,Sarah,,Mission,37.76066624,-122.4246374,Entire home/apt,250,3,16,2/23/2018,0.64,1,0
8763366,Bunk bed in the Treat Street Clubhouse,23278,Zain And Duncan,,Mission,37.75830083,-122.4128,Shared room,55,2,122,3/16/2018,4.07,8,59
3383950,GREAT PLACE FOR A GREAT PRICE,17072428,Malcolm,,Crocker Amazon,37.70555986,-122.4531227,Private room,450,1,0,,,1,365
17421876,Studio with backyard in lovely Victorian,61184414,Marina,,Excelsior,37.71851389,-122.4375339,Entire home/apt,100,2,47,3/15/2018,3.49,1,61
4615244,Cozy 2 bd/1 ba Outer Mission Flat,16277562,Clyde,,Ocean View,37.7086287,-122.461254,Entire home/apt,124,2,209,4/1/2018,5.13,1,301
23271549,Stratford Hotel Room Queen,173206762,Stratford,,Downtown/Civic Center,37.78800972,-122.4068251,Private room,79,1,1,3/13/2018,1,63,2
22236471,3.3 Don't be a loner,38163072,Evgeny,,Ocean View,37.70706057,-122.4676783,Shared room,35,3,10,3/26/2018,3.19,7,63
361230,Location! Stylish home! Must See!,1129902,Meirav,,Castro/Upper Market,37.76078926,-122.4344672,Entire home/apt,270,30,175,1/4/2017,2.42,1,109
19894493,Great Studio with Awesome View!,5110448,Erin,,Downtown/Civic Center,37.78384059,-122.4145272,Entire home/apt,150,2,22,3/23/2018,2.8,1,213
5163082,"Huge Apartment 4+ Beds, 2 Baths + Parking/BART/Bus",19206511,Coleman,,Ocean View,37.71213327,-122.4579379,Entire home/apt,350,1,145,3/4/2018,3.84,3,130
3105361,Beautiful Condo in the Heart of SF,15396421,Breedeen,,Noe Valley,37.75229278,-122.431246,Entire home/apt,225,2,35,7/26/2017,0.76,1,0
21561809,★ Walkability Score 90 ★ Patio ★ Parking ★ W/D ★ W,26860112,Jonathan,,Outer Mission,37.72190129,-122.4396632,Entire home/apt,447,3,1,2/20/2018,0.65,3,299
23381220,Luxurious 5BR/3Bath NEW Home+ Parking,54006915,Alla And Katrina,,Outer Mission,37.70506288,-122.4566441,Entire home/apt,450,2,1,4/1/2018,1,1,0
21120542,Modern 2 bedroom house in Glen Park with parking,56971,Niki,,Outer Mission,37.72911873,-122.4501318,Entire home/apt,600,2,4,2/25/2018,0.81,2,45
13031597,36 Camp Street House,6048908,Gerardo,,Mission,37.76456269,-122.4244287,Entire home/apt,390,4,3,3/23/2018,0.13,2,5
23292883,Stratford Hotel Room Queen,173206762,Stratford,,Downtown/Civic Center,37.7867235,-122.4087788,Private room,79,1,0,,,63,4
2277754, Cozy bedroom in the sunny Mission,10024887,Deborah,,Mission,37.75017507,-122.4046818,Private room,95,3,64,3/23/2018,1.26,2,340
284117,"Cozy, Charming Cottage nestled in a quiet garden",1479905,Samantha,,Noe Valley,37.74334023,-122.4293165,Entire home/apt,118,2,172,3/23/2018,2.31,1,133
8187584,"Private Entrance, Bath & Kitchenette",41368046,Edward,,Noe Valley,37.74843675,-122.4281972,Entire home/apt,125,1,198,3/23/2018,6.31,1,192
1460628,Charming  Garden Suite,7828423,Valeria,,Inner Richmond,37.77878324,-122.4625653,Entire home/apt,165,2,132,3/23/2018,2.33,2,261
21120960,"Stylish, Light filled flat, Great walking location",4326245,Jeff,,Outer Richmond,37.77423346,-122.4916748,Entire home/apt,300,1,33,4/4/2018,5.35,1,61
848578,Bedroom in house with twin beds,4393613,Delores,,Crocker Amazon,37.70987688,-122.430829,Private room,45,3,148,3/30/2018,2.36,3,60
16516337,Charming 1912 Inner Sunset Bungalow,3377789,Michelle,,Inner Sunset,37.76083429,-122.4656398,Entire home/apt,195,4,23,4/1/2018,1.6,1,20
10474512,"Downstairs Studio, Mission Terrace",48729832,Rich,,Outer Mission,37.72550922,-122.4398326,Private room,110,2,34,3/11/2018,1.25,4,174
1556680,"Beautiful, Light & Large Apartment",8286990,David,,Outer Richmond,37.77373215,-122.4996413,Entire home/apt,182,2,270,3/28/2018,5.71,1,202
20287325,Gigi's Room - a Private Suite in a Warm Community,117141107,Tobie,,Haight Ashbury,37.76901998,-122.4507213,Private room,90,1,22,3/17/2018,3.06,16,251
15060615,Beautiful/Bright Living Space and 4 Bedrooms,95220454,Wilson,,Ocean View,37.71600079,-122.4542463,Entire home/apt,195,3,15,12/27/2017,0.94,1,0
6959726,First Class Condo Near Dolores Park,76571,Brent,,Mission,37.75566858,-122.4242006,Entire home/apt,265,2,58,3/28/2018,1.73,1,3
21892811,Cocoa Residence Ghirardelli Square,74021003,Jaqi,,Russian Hill,37.80586077,-122.4224923,Entire home/apt,625,1,0,,,1,77
20933318,Annie's Cottage,49425233,Annie,,Russian Hill,37.79771278,-122.4183713,Entire home/apt,195,3,12,3/16/2018,2.9,1,199
22048364,Bernal House,73964588,Debra,,Bernal Heights,37.74472987,-122.4151604,Private room,159,1,3,3/28/2018,0.73,1,6
13685131,Private Studio with Outdoor Deck,79700074,Marty,,Bernal Heights,37.73653518,-122.415816,Private room,115,2,60,3/26/2018,2.86,1,43
23313273,Stratford Hotel Room Queen,173206762,Stratford,,Downtown/Civic Center,37.78786933,-122.4073822,Private room,79,1,2,3/13/2018,1.71,63,0
2488837,Bernal Heights / Glen Park Getaway,5215262,John,,Bernal Heights,37.73290579,-122.4256888,Entire home/apt,140,31,60,3/4/2017,1.22,4,265
23294130,Stratford Hotel Deluxe Room Queen,173206762,Stratford,,Downtown/Civic Center,37.78674479,-122.4075654,Private room,79,1,0,,,63,2
23312618,Stratford Hotel Room Full,173206762,Stratford,,Downtown/Civic Center,37.78753511,-122.4072589,Private room,79,1,1,3/16/2018,1,63,0
23465251,Private garden apartment in great neighborhood,7674050,Nancy,,Presidio Heights,37.78755536,-122.4600215,Entire home/apt,130,2,1,3/11/2018,1,2,0
4526608,"Unique, Private Retro SF Space",746254,Chris And Tex,,Bayview,37.73429683,-122.3879504,Entire home/apt,95,2,210,4/4/2018,5.21,1,293
15179182,"Beautiful, Eclectic, Cozy Bayview Ranch",861262,Lauren,,Bayview,37.73905601,-122.3853723,Entire home/apt,250,2,131,3/31/2018,7.59,1,110
22693162,"San Francisco Room at Bliss, Private bath",1258368,Faiz,,Bayview,37.730747,-122.3890839,Private room,48,1,4,3/14/2018,1.94,5,0
782126,Great Rm In A Happy Household S.F.,1620468,Carla,,Bayview,37.7334074,-122.3927446,Private room,56,1,42,4/1/2018,0.71,3,246
15990158,Cozy 2 Bedroom Flat in Bayview,3967769,Zach,,Bayview,37.72995417,-122.3895471,Entire home/apt,150,2,5,5/27/2017,0.32,1,0
21276107,"Private room in light-filled, open plan home",4203610,Ben,,Bayview,37.72008194,-122.3897629,Entire home/apt,53,1,0,,,2,0
18587279,"Cozy, private suite with separate entrance.",5020253,Ken,,Bayview,37.73566602,-122.3871207,Entire home/apt,78,2,79,3/23/2018,7.25,1,32
22110217,★ Gorgeous California Hideout ★ In Hot New Bayview,7772037,Leila,,Bayview,37.73354366,-122.3885804,Entire home/apt,120,2,15,4/2/2018,4.89,1,117
19273852,Large Bedroom in 2 Bedroom Home - Red,7896411,Michael,,Bayview,37.72054087,-122.392235,Private room,50,2,15,4/2/2018,1.74,3,64
7788844,Beautifully remodeled 2 bedroom!,8880019,Gil,,Bayview,37.7313205,-122.3913809,Entire home/apt,115,2,146,4/5/2018,4.71,1,285
20960130,SF Glamorous 4 Beds/2 baths Water View Backyard,20182227,Winson,,Bayview,37.73283922,-122.3946316,Entire home/apt,500,3,0,,,2,61
6872214,City views masterbedroom & free parking,34876815,Rene,,Bayview,37.73159781,-122.3731758,Private room,50,1,173,4/5/2018,5.09,1,15
22847509,The Haven San Francisco,40297300,Igor,,Bayview,37.72759297,-122.3716454,Private room,75,30,4,2/18/2018,1.56,4,365
8763676,BEDROOM #5,45407614,Jasiel,,Bayview,37.72030471,-122.3934847,Private room,68,1,187,4/1/2018,6.16,4,276
18548006,Hey you! Bayview! Private 1 bedroom apartment.,51078965,Scott,,Bayview,37.73088621,-122.3842624,Entire home/apt,125,3,34,3/27/2018,3.62,1,39
19050152,In Law Suite at Newcomb Avenue,53220441,Sandeep,,Bayview,37.73505744,-122.3887594,Entire home/apt,189,4,23,4/3/2018,2.4,1,322
23733049,"Beautiful & New Pvt Bed & Bath, inlaw unit with TV",58389796,Arjun,,Bayview,37.72789598,-122.3831813,Private room,69,1,5,3/28/2018,5,5,16
23883511,"New, clean, & convenient room",58389796,Arjun,,Bayview,37.72922207,-122.3842716,Private room,49,1,1,4/3/2018,1,5,86
23883899,Huge House at affordable price in SF,58389796,Arjun,,Bayview,37.72975845,-122.3835325,Entire home/apt,269,1,0,,,5,4
11571063,Tranquil Garden Apartment Retreat in San Francisco,61139608,Diana,,Bayview,37.73482441,-122.3957833,Entire home/apt,115,2,76,4/1/2018,3.13,1,141
16858141,"Priv Room, TV w/ Netflix, Kitchen, Great Parking",84154713,Sean,,Bayview,37.72621978,-122.3893007,Private room,75,2,65,3/23/2018,4.56,6,137
14647486,"Priv. Bath, Gorgeous Deck, Kitchen, & Free Parking",84154713,Sean,,Bayview,37.72877388,-122.388356,Private room,195,1,4,11/8/2017,0.21,6,30
14422371,"Gorgeous Balcony, 2 Bedrooms, 3-4 Beds, & Kitchen",84154713,Sean,,Bayview,37.72828006,-122.389741,Private room,200,2,123,3/14/2018,6.41,6,110
14220594,Private -  - Modern flat Bay Views!,86395058,Joseph,,Bayview,37.73201102,-122.3746307,Entire home/apt,99,2,53,3/30/2018,2.75,1,15
21710124,The Castle Royale Plus,130921045,Paul,,Bayview,37.73541356,-122.3928073,Entire home/apt,1500,1,8,3/25/2018,1.97,7,306
5858,Creative Sanctuary,8904,Philip And Tania,,Bernal Heights,37.74511233,-122.4210179,Entire home/apt,235,30,112,8/6/2017,1.03,1,334
11419262,Private room in Bernal Heights,31339,Judy,,Bernal Heights,37.73815654,-122.4161093,Private room,80,3,40,11/1/2017,1.68,2,300
41172,Sue's Place,53314,Sue,,Bernal Heights,37.74082734,-122.4176301,Private room,128,2,185,3/24/2018,2,1,300
7345468,"Brand New, Modern In-Law Unit in SF",58316,Katie,,Bernal Heights,37.73309613,-122.4326134,Entire home/apt,220,3,18,11/9/2017,0.81,1,0
15216713,Bernal Nook,127367,Annette,,Bernal Heights,37.74470605,-122.4203211,Entire home/apt,99,30,2,7/29/2017,0.13,20,340
57561,"Bernal Heights Apartment, Patio + Parking",272890,Theodore,,Bernal Heights,37.74720292,-122.4144302,Entire home/apt,175,2,201,3/13/2018,2.23,1,332
11923264,Cozy Modern Apt. near Bernal Heights,315477,Pouneh,,Bernal Heights,37.74819345,-122.4091412,Entire home/apt,150,2,20,12/1/2017,0.81,1,0
479415,Sunny Home in Prime Bernal Heights,350839,Amy,,Bernal Heights,37.73962418,-122.4148392,Entire home/apt,180,3,11,3/30/2018,0.17,1,8
3946395,Bright Bernal room with garden,359673,Marlita,,Bernal Heights,37.74376408,-122.4089868,Private room,115,2,54,2/18/2018,1.23,1,56
71645,Bernal Heights Northslope Studio,367464,Jeff,,Bernal Heights,37.74577519,-122.408412,Private room,109,2,61,4/1/2018,2.39,1,209
21547967,Modern Cottage on Top of the Hill,449756,Sachin,,Bernal Heights,37.74169577,-122.4145612,Entire home/apt,225,2,3,2/23/2018,0.85,1,1
82919,"Quiet Queen Room, Private Bath, Parking, City View",451471,Rita,,Bernal Heights,37.7342982,-122.4209213,Private room,95,2,326,4/2/2018,3.83,2,109
12835527,Live like a local in detached private cozy studio.,570963,Traci,,Bernal Heights,37.73576925,-122.4167178,Entire home/apt,97,2,148,4/3/2018,6.54,1,146
1397537,"Sunny, family-friendly home with a view",823500,Monica,,Bernal Heights,37.74727074,-122.4151685,Entire home/apt,250,5,13,2/25/2018,0.23,1,16
2223743,Private Bernal Heights In-Law Unit,825524,Julie And James,,Bernal Heights,37.73727937,-122.4157049,Entire home/apt,110,2,164,1/28/2018,3.48,1,5
2890120,Beautiful sunny Victorian home for 4 with yard,899994,Jim,,Bernal Heights,37.74245447,-122.4209317,Entire home/apt,275,1,19,8/19/2017,0.4,1,0
199480,One room overlooking Precita Park,974441,Peter,,Bernal Heights,37.74556737,-122.4118731,Private room,90,3,163,3/29/2018,2.02,2,108
21694775,Precita Park - private room & bath - 91 walkscore!,1137986,Rebecca,,Bernal Heights,37.74542085,-122.4149512,Private room,100,3,13,3/30/2018,4.43,1,48
21588941,Bright home in Cortlandia,1324417,Alana,,Bernal Heights,37.73577121,-122.4150468,Entire home/apt,62,2,0,,,1,11
23733435,Private room in a victorian house in Bernal Height,1607094,Simo,,Bernal Heights,37.73413818,-122.4236531,Private room,70,1,2,3/31/2018,2,1,26
15163770,Beautiful & Sunny Home in Bernal Heights,1680424,Emily,,Bernal Heights,37.73843487,-122.4217747,Entire home/apt,325,2,12,3/30/2018,1.26,1,14
20424404,"Great central location, whole level, private entry",2666465,Elizabeth,,Bernal Heights,37.73931983,-122.4153691,Private room,96,3,9,3/6/2018,1.36,3,0
16602539,Three Rooms in SF Gem with Magical Garden & Views!,3608449,Jeannie (And Skate),,Bernal Heights,37.74245014,-122.4104498,Entire home/apt,699,2,2,11/9/2017,0.27,4,284
20720492,Sunny 2-bedroom loft with great views,4060707,Megan,,Bernal Heights,37.74719107,-122.4056063,Entire home/apt,320,2,7,12/27/2017,1.02,1,4
14841385,"Victorian, sleeps 1-2",4318558,Beth,,Bernal Heights,37.73807448,-122.4176351,Private room,350,2,0,,,2,87
830330,"All new, spacious apartment & yard",4349750,Ramona And Arran,,Bernal Heights,37.73918502,-122.4158973,Entire home/apt,135,3,83,11/27/2017,1.32,2,92
22388111,Private entry in-law unit in sunny Bernal Heights,4555872,Rafael,,Bernal Heights,37.74724759,-122.4143629,Entire home/apt,125,2,12,3/26/2018,3.71,1,3
15641829,Homey Private Room in Neighborhood Condo,5117637,Manish,,Bernal Heights,37.74577872,-122.4206912,Private room,75,3,27,10/8/2017,1.88,2,0
3376895,Awesome n cute  Bernal/ Mission rm  1 or 2 people,5136538,Blu Patti,,Bernal Heights,37.73631476,-122.4223506,Private room,80,1,158,4/1/2018,3.45,2,222
10835440,Sweet Garden-level Studio In-law Unit - Bernal!,5309996,Josephine,,Bernal Heights,37.73831908,-122.415496,Entire home/apt,90,3,49,3/3/2018,2.15,1,51
21863110,Spa Retreat and Farmers Market Haven,5503169,Neil,,Bernal Heights,37.73495462,-122.4155721,Private room,70,3,10,1/18/2018,2.38,2,0
2764137,Bernal Basecamp for Work or Family,5885828,Shane,,Bernal Heights,37.7481953,-122.407369,Entire home/apt,190,2,113,2/25/2018,2.35,1,243
2904128,MODERN COTTAGE WITH DECK GARDEN,6968359,Dafna,,Bernal Heights,37.74086139,-122.4130015,Entire home/apt,175,2,13,1/4/2018,0.28,1,0
7292878,Bernal Heights Nest -Top Location!-,7407016,Jane & Rob,,Bernal Heights,37.74283331,-122.41543,Entire home/apt,149,2,28,3/27/2018,0.86,2,38
6529234,Studio,8077748,Adrian,,Bernal Heights,37.74326002,-122.4106087,Entire home/apt,114,5,63,3/18/2018,2.71,1,0
1579304,"Artist/Designer House, Garden, Hot tub, parking",8401865,Amy,,Bernal Heights,37.73751153,-122.4132906,Entire home/apt,450,3,3,2/27/2016,0.08,1,308
23733652,Amazing private room in Bernal Height ☀️,8440768,Kim,,Bernal Heights,37.73402312,-122.4244321,Private room,70,1,1,3/14/2018,1,2,2
18180944,Amazing Spot in Victorian House near Bernal Height,8440768,Kim,,Bernal Heights,37.73413084,-122.4250618,Entire home/apt,85,2,13,3/21/2018,1.11,2,0
17551632,Cozy room in Mission/Bernal Hood,8952012,Susanna,,Bernal Heights,37.74688384,-122.4202169,Private room,60,2,53,3/24/2018,4.04,2,3
1404326,Bernal/Mission Studio,9058391,Isaac & Maggie,,Bernal Heights,37.74367785,-122.4207004,Entire home/apt,90,4,94,3/24/2018,1.65,1,35
3376512,Modern 2BD Delight on Bernal Hill,12514131,Jennifer,,Bernal Heights,37.74172148,-122.4110711,Entire home/apt,250,3,28,4/4/2018,0.61,1,62
2984463,Large room with private full bath. Welcome to SF!,15221926,Howard,,Bernal Heights,37.74753058,-122.4212898,Private room,145,1,183,4/1/2018,4.11,1,339
6108439,Bernal Heights Family Pad,15288029,Leigh,,Bernal Heights,37.73951446,-122.4137273,Entire home/apt,245,3,7,3/31/2018,0.25,1,11
5998790,Bright bdrm in lovely Bernal Home,16745765,Ewa,,Bernal Heights,37.74011263,-122.4199275,Private room,80,1,79,3/28/2018,2.66,1,25
7028127,2000sqft 4BR Mission Victorian Flat,17536951,Rob,,Bernal Heights,37.74330992,-122.4197386,Entire home/apt,250,2,67,9/10/2017,2.54,5,0
10661953,Elegant Victorian Bedroom in Mission,17536951,Rob,,Bernal Heights,37.74286891,-122.4220629,Private room,75,4,64,3/31/2018,3.73,5,14
11563014,Beautiful BERNAL HEIGHTS Inlaw,19513047,Jennifer,,Bernal Heights,37.73307851,-122.4129793,Private room,110,1,65,1/12/2018,2.61,1,364
16488124,Hideaway with view with kichenette,24053387,Annelise,,Bernal Heights,37.7468496,-122.4153343,Entire home/apt,60,2,5,3/28/2018,0.51,3,0
16813360,Family-friendly updated Noe victorian w/ garden,26137251,Sue,,Bernal Heights,37.74772087,-122.4231938,Entire home/apt,325,4,3,7/20/2017,0.26,1,0
23805904,Large Private Entry Room w/Bath atop Bernal Hill,30803936,Joyce,,Bernal Heights,37.74631622,-122.4151016,Private room,80,2,3,4/5/2018,3,1,73
15297353,Brand New Bernal Heights One Bedroom with Garden,34480173,Andrew,,Bernal Heights,37.74185314,-122.4187503,Private room,150,30,13,3/17/2018,2.87,1,160
22175258,Studio w/ patio & parking on the a Sunny Dog Hill,34799523,Mari,,Bernal Heights,37.74239908,-122.4077865,Entire home/apt,100,3,1,12/17/2017,0.27,4,0
14266916,Beautiful Bernal Heights Apartment,36287559,Marie & Laurent,,Bernal Heights,37.73882923,-122.4152944,Entire home/apt,180,3,76,3/25/2018,3.76,1,269
12922728,Jr. 1BR Garden Apt. In Hot Bernal Heights!,40188449,Christie,,Bernal Heights,37.73918716,-122.4179714,Entire home/apt,100,30,10,12/22/2017,0.5,1,112
7939511,Spacious guestroom w/ en suite,41870905,Jaime,,Bernal Heights,37.74576292,-122.4154345,Private room,95,2,85,4/1/2018,2.68,1,264
8848449,Good Karma In-Law Unit,46335453,Natasha,,Bernal Heights,37.74828681,-122.404856,Entire home/apt,120,3,20,3/24/2018,0.67,1,96
9188845,Private-BD/Shared-BTH in 2-BD/2-BTH TwnHse,47804679,Chaz,,Bernal Heights,37.73227504,-122.4149503,Private room,75,1,169,4/4/2018,5.76,2,39
17753503,"Nicely remodeled room, free parking in Bernal",71333862,Mario,,Bernal Heights,37.73590833,-122.4106919,Private room,65,1,110,3/28/2018,8.92,1,26
20305889,Modern House with Fantastic Views,72387792,Aram,,Bernal Heights,37.7425722,-122.4131109,Entire home/apt,280,4,16,4/2/2018,2.21,1,20
19946354,"Beautiful Designer Flat, Modern and Spacious",84915255,Vicki,,Bernal Heights,37.74467566,-122.420648,Entire home/apt,320,31,11,3/4/2018,1.43,1,123
16208487,Sadie's Place - Modern Luxury Quiet Sunny Flat,100615514,May,,Bernal Heights,37.74142886,-122.414277,Entire home/apt,170,30,8,7/10/2017,0.5,1,219
17764085,Sunny open-plan Bernal Heights view home,121243245,Richard,,Bernal Heights,37.74103489,-122.4148369,Entire home/apt,210,5,2,8/11/2017,0.21,1,0
18956166,Eclectic Original San Francisco Farmhouse,132177781,Molly,,Bernal Heights,37.74091462,-122.412355,Entire home/apt,260,30,0,,,1,95
23185870,Classic Home w/ Stunning Views of SF Rolling Hills,172378324,Mary,,Bernal Heights,37.74522174,-122.4128337,Private room,120,2,4,3/24/2018,3.53,2,77
12522,Perfectly located Castro,18431,Brenda,,Castro/Upper Market,37.76074548,-122.4303241,Private room,79,3,357,3/28/2018,3.56,1,21
3218306,Modern Room near Castro with Views,140461,Joshua,,Castro/Upper Market,37.75902381,-122.4440893,Private room,126,1,163,3/31/2018,3.54,2,0
7857502,Gorgeous Victorian in the Heart of the City,272176,Elisa,,Castro/Upper Market,37.76524614,-122.4331558,Entire home/apt,350,2,12,11/26/2017,1.46,3,0
21281754,Newly Remodeled. Beautiful Views.Ez commute dwntwn,337960,M. Cristina,,Castro/Upper Market,37.75987974,-122.4432125,Entire home/apt,205,2,3,12/24/2017,0.6,2,52
286311,City refuge in Artist home,400480,Evelyn,,Castro/Upper Market,37.76274918,-122.4425154,Entire home/apt,465,3,8,11/25/2017,0.34,1,0
213216,Elegant Mediterranean Garden Home near the Castro,465520,Saundra,,Castro/Upper Market,37.76801054,-122.4366624,Entire home/apt,625,4,31,10/9/2017,0.4,3,42
22553944,Sunny Victorian Guest Room in the Heart of SF,777447,Michael & Lesley,,Castro/Upper Market,37.7687333,-122.4326218,Private room,295,2,2,3/28/2018,0.68,2,339
271505,"Tranquil Castro Victorian, Priv. Bath & nice cat",1227106,Kathy,,Castro/Upper Market,37.76638818,-122.4292571,Private room,160,3,170,3/26/2018,2.23,1,89
1182465,"Zen Castro Apt, quiet deck, large kitchen",1263999,Francisco,,Castro/Upper Market,37.75664238,-122.4398397,Entire home/apt,99,2,26,2/5/2018,0.44,1,0
746079,Castro/Corbett Heights Condo,1567365,Ian,,Castro/Upper Market,37.76063419,-122.4461763,Private room,115,1,282,4/2/2018,4.27,1,217
23149053,"Quiet, central, top-floor home w/city & park views",1603973,Liz & Gardner,,Castro/Upper Market,37.76413519,-122.4357594,Entire home/apt,350,2,0,,,1,65
10948108,The gypsy cabin,1686937,Erica,,Castro/Upper Market,37.7642021,-122.4379717,Entire home/apt,175,1,35,10/22/2017,1.32,1,0
1827177,"Large quiet room, huge bathroom with jacuzzi tub",1753794,Ashish,,Castro/Upper Market,37.76465169,-122.4363673,Private room,74,30,157,12/7/2017,3.38,2,66
2739477,Home in the Castro,1783772,Brian,,Castro/Upper Market,37.75639311,-122.4338401,Entire home/apt,425,2,103,3/16/2018,2.18,2,101
767247,Private room in newly remodeled apt,1841167,Buck,,Castro/Upper Market,37.7573937,-122.426267,Private room,445,1,44,9/12/2015,0.73,2,352
477122,Architectural gem in Mission/Castro,2364636,Alice/Peter,,Castro/Upper Market,37.76179625,-122.4268999,Entire home/apt,545,3,8,11/22/2017,0.11,1,303
517803,Buena Vista Bungalow,2549630,Lewis,,Castro/Upper Market,37.76794225,-122.4390572,Entire home/apt,450,5,4,8/12/2017,0.06,1,151
3664261,Private 2BR in Heart of SF,2555455,Max,,Castro/Upper Market,37.76539657,-122.4374255,Entire home/apt,229,2,137,3/18/2018,3.48,1,25
23087617,3BR/2BA Remodelled Home in ❤ of The Castro,2711732,Keith,,Castro/Upper Market,37.75962548,-122.4339803,Entire home/apt,1100,1,0,,,4,164
7853803,The Perfect Spot for SF,2930339,Kara,,Castro/Upper Market,37.76766162,-122.4266941,Entire home/apt,450,3,5,11/11/2017,0.16,1,0
15832358,Castro/Duboce Triangle with a new Queen bed,3227887,David,,Castro/Upper Market,37.76670436,-122.4351064,Private room,100,3,34,3/4/2018,2,2,347
1434425,"Castro, Large, Sunny, Comfortable ",3227887,David,,Castro/Upper Market,37.76493814,-122.4338487,Private room,150,3,95,3/22/2018,1.68,2,78
2939849,Sublet in a great neighborhood!,3379945,Elena,,Castro/Upper Market,37.76029742,-122.4387274,Private room,99,30,13,12/15/2017,0.29,2,236
691023,Enjoy Dolores Park @ Your Doorstep!,3531780,Mickey,,Castro/Upper Market,37.7569714,-122.4272696,Entire home/apt,500,4,25,2/25/2018,0.37,1,95
8088720,Cozy cottage on  Divisadero,3597115,Tiana,,Castro/Upper Market,37.76851434,-122.4372483,Private room,95,1,186,4/3/2018,7.66,1,40
725300,"Bright, Serene Sanctuary above the Castro 3BR/Pkg",3750633,Alex,,Castro/Upper Market,37.75934593,-122.4443742,Private room,379,30,45,11/9/2017,0.67,1,173
21766847,Great Room in Perfect Location,4026717,John,,Castro/Upper Market,37.76038968,-122.4287689,Private room,100,2,8,4/1/2018,2.47,3,348
808841,QUIET PRIVATE COMFY ROOM. BEST LOCATION!!,4255783,Maria,,Castro/Upper Market,37.76652015,-122.4272477,Private room,79,2,37,3/23/2018,0.58,1,113
1251570,2br Victorian - Designer Inspired,4307136,Kobi,,Castro/Upper Market,37.76518077,-122.42791,Entire home/apt,430,2,31,3/30/2018,0.54,1,73
870532,Charming Castro Garden Apartment ,4587849,Gary,,Castro/Upper Market,37.76468824,-122.4342404,Entire home/apt,240,5,102,3/17/2018,1.66,1,212
1954514,Sunny Modern Apartment,5080229,Matt,,Castro/Upper Market,37.76359353,-122.4345541,Private room,145,3,71,3/7/2018,1.37,1,9
21082676,Charming Edwardian in the Castro - Bedroom,5871824,Jonathan,,Castro/Upper Market,37.76384638,-122.4286241,Private room,119,1,43,4/6/2018,6.94,1,49
7886634,Blissful Studio in Heart of Castro,6291362,Becca,,Castro/Upper Market,37.75930258,-122.4389504,Entire home/apt,125,3,74,3/18/2018,3.26,1,141
1588695,Spacious 1 bedroom in Dolores Park,8473196,Sergio,,Castro/Upper Market,37.75909032,-122.4289522,Entire home/apt,120,30,35,12/14/2017,0.64,1,310
22433866,Amazing Newly Renovated Suite in Great Location!,9954558,Lisa,,Castro/Upper Market,37.76791932,-122.4356319,Entire home/apt,110,1,10,4/3/2018,4.17,1,19
2105840,Room w/priv. bath in Duboce Triangle,10729940,Claudia,,Castro/Upper Market,37.7683471,-122.4337258,Private room,95,1,69,3/19/2018,1.33,1,335
2933105,Well-Lit Rm In Heart of SF-Near ALL,11392498,Michelle,,Castro/Upper Market,37.76912236,-122.431988,Private room,106,2,126,3/24/2018,2.66,1,62
22700394,The Cottage,11667252,Cheney,,Castro/Upper Market,37.75577437,-122.4386343,Entire home/apt,200,1,1,3/7/2018,0.94,2,100
18327843,Panoramic Views of Bay and Downtown SF,11706509,Ting,,Castro/Upper Market,37.76792249,-122.4381232,Entire home/apt,800,1,4,1/14/2018,0.5,1,0
19299031,Castro Studio,11977272,Kendall & Katie,,Castro/Upper Market,37.76566254,-122.4368394,Private room,225,2,10,3/24/2018,1.17,2,168
17318005,Garden Apartment on Duboce Park,12767826,Susan,,Castro/Upper Market,37.76872443,-122.4341635,Entire home/apt,180,2,63,3/30/2018,4.87,1,168
19753187,2 Bedroom Flat next to Dolores Park in the Mission,12995524,Sara,,Castro/Upper Market,37.75984216,-122.4263905,Entire home/apt,325,3,4,9/5/2017,0.51,3,106
3157541,Private room & bath in sunny Castro,14765200,Mishi,,Castro/Upper Market,37.75950415,-122.4387668,Private room,125,2,100,3/22/2018,2.16,1,280
3549398,Stunning SF Bay View in The Castro,17827693,Michael,,Castro/Upper Market,37.75643518,-122.4408039,Private room,99,1,280,4/1/2018,6.23,1,242
4639434,Private Bed & Bath w/ Walk Score 99,17948119,Hani,,Castro/Upper Market,37.76428164,-122.4344994,Private room,120,3,72,1/11/2018,1.77,1,1
4074316,Luxury flat near the famous Dolores Park!,21131005,Bonnie,,Castro/Upper Market,37.76176789,-122.4288198,Entire home/apt,210,5,9,3/11/2018,0.39,1,0
7968598,Bright and Sunny Top Floor Flat,26001610,Alexis,,Castro/Upper Market,37.76684323,-122.4343526,Entire home/apt,220,7,4,6/21/2017,0.13,2,48
12338060,Sunny Castro Garden Apartment Sleeps 5,27960596,Cal,,Castro/Upper Market,37.76207608,-122.4323018,Private room,145,2,37,3/19/2018,1.6,2,18
5549826,Castro Street - Studio Garden Oasis,28696652,Michael & Bob,,Castro/Upper Market,37.76402568,-122.4356084,Entire home/apt,170,1,264,3/29/2018,7.22,1,191
6156195,Brand NEW - Prime Castro LOCATION,31936468,Kevin,,Castro/Upper Market,37.76077086,-122.4362066,Entire home/apt,249,30,85,11/17/2017,2.4,1,177
18931048,Victorian in the heart of Castro II,43695190,Alex & Daniel,,Castro/Upper Market,37.76390031,-122.4321105,Private room,145,2,43,3/30/2018,4.43,2,276
13031100,Detached Rear Yard Garden Cottage,46079176,Nick,,Castro/Upper Market,37.75979288,-122.4304086,Entire home/apt,225,2,43,4/4/2018,1.97,1,327
11947349,"Castro Area Victorian, Room with Private Bathroom",63794442,Laurence,,Castro/Upper Market,37.76363811,-122.4347389,Private room,140,3,27,3/31/2018,1.2,2,137
11949198,Attic Accommodations with Views,63794442,Laurence,,Castro/Upper Market,37.76406226,-122.4339245,Private room,160,3,31,4/3/2018,1.26,2,123
15843930,Huge House Heart of SF w/ Parking,65647390,Nathan,,Castro/Upper Market,37.76694025,-122.4345615,Entire home/apt,600,5,27,1/25/2018,1.59,1,241
21529418,Edwardian Flat in the Castro,77523453,Bhagavan,,Castro/Upper Market,37.76181602,-122.4373997,Entire home/apt,202,2,5,3/28/2018,2.14,1,0
22483206,Modern 2 bdrm in SF Castro with sweeping views,84011857,Preston,,Castro/Upper Market,37.7598573,-122.4416747,Entire home/apt,425,3,0,,,2,201
14030807,Modern 2 bedroom in SF's charming Castro district,84011857,Preston,,Castro/Upper Market,37.75798047,-122.4417489,Entire home/apt,329,30,54,11/22/2017,2.76,2,277
17369805,Custom built luxury penthouse,100672984,Roberto,,Castro/Upper Market,37.76447805,-122.4279698,Entire home/apt,250,3,35,3/25/2018,2.71,3,38
22015376,Huge 2BD/2BA Apartment in Heart of The Castro,107400974,Todd,,Castro/Upper Market,37.75944273,-122.4341417,Entire home/apt,300,4,5,3/23/2018,1.28,2,24
22792909,Cozy Loft Bed - Private Bathroom - Best Location,158700396,Jed,,Castro/Upper Market,37.76764355,-122.4302737,Private room,115,3,5,3/26/2018,3.13,2,4
24141233,Beautiful Private Room-Private Bath-Best Location,161765721,David,,Castro/Upper Market,37.76790938,-122.4287539,Private room,120,3,0,,,3,13
22764131,Castro / Corona Heights Charmer with a View (3 bd),163243187,Bryan,,Castro/Upper Market,37.76182817,-122.441297,Entire home/apt,399,2,2,4/2/2018,2,2,101
22697779,Gorgeous Private Bedroom - Central Location,167354482,Ara,,Castro/Upper Market,37.76737413,-122.429605,Private room,95,3,4,3/27/2018,4,2,14
9316584,WORLDMARK San Francisco (Downtown),85132,Sanford,,Chinatown,37.79169857,-122.4073517,Private room,290,1,0,,,10,362
18471072,DREAMFORCE 2018 - San Francisco,85132,Sanford,,Chinatown,37.79155052,-122.4061699,Private room,290,1,0,,,10,362
18470412,DREAMFORCE / SALESFORCE - San Francisco,85132,Sanford,,Chinatown,37.79125078,-122.4060856,Private room,290,1,0,,,10,365
474001,Monthly Shared Home for Students 6,329072,Darren & Friends,,Chinatown,37.79471952,-122.4051877,Shared room,29,30,1,12/24/2013,0.02,16,239
10765781,Homestay 1 month min.,576273,Shelli,,Chinatown,37.79313112,-122.4048186,Shared room,29,30,0,,,6,279
435390,Shelli's Student Home3(1 Month Min),576273,Shelli,,Chinatown,37.79455322,-122.4060035,Shared room,29,30,6,2/28/2017,0.11,6,239
16883568,New Years in San Francisco,5328121,April,,Chinatown,37.79122162,-122.4078458,Private room,299,4,1,11/10/2017,0.2,1,7
12004930,"Modern Luxury 1BR, #4",9965793,The Twist,,Chinatown,37.79215849,-122.4064963,Entire home/apt,123,30,1,1/31/2017,0.07,6,53
6373849,"Modern Luxury Junior 1BR, #1",9965793,The Twist,,Chinatown,37.79135085,-122.4082793,Entire home/apt,109,30,4,11/11/2017,0.11,6,64
5666454,Nob Hill Hideaway 3,13471395,Josh,,Chinatown,37.79095203,-122.4076922,Entire home/apt,110,30,6,3/5/2018,0.19,3,284
11043803,Nob Hill Studio Condo,55782784,Kevin,,Chinatown,37.79145669,-122.4063843,Entire home/apt,250,2,5,3/2/2018,0.19,9,63
8327746,3BR/2BA SF Home on the Hill!,4582677,Felix,,Crocker Amazon,37.70686259,-122.4312549,Entire home/apt,379,1,141,4/4/2018,4.59,3,117
8473437,"Beautiful Home Overlooking SF - Sleeps 14, 3 BA!",4582677,Felix,,Crocker Amazon,37.70666673,-122.4329756,Entire home/apt,379,1,17,3/2/2018,0.58,3,316
14390856,Cozy queen and SF skyline views,10770504,Becca,,Crocker Amazon,37.70558514,-122.433327,Private room,85,1,44,3/28/2018,2.22,4,354
20635250,Hacker house in quiet location,21940642,Alex,,Crocker Amazon,37.7115001,-122.439379,Shared room,0,3,8,3/25/2018,1.12,7,156
15236335,Simplistic Crocker Suite,24973603,Mai,,Crocker Amazon,37.70926563,-122.4485511,Entire home/apt,115,3,69,3/28/2018,3.81,1,320
4880695,Large house with 5 'real' bedrms!,25108613,Peter,,Crocker Amazon,37.71160922,-122.4376089,Entire home/apt,420,3,20,1/12/2018,0.51,1,352
5154242,Private room at San Francisco,26653520,Annie,,Crocker Amazon,37.7101258,-122.4464311,Private room,99,2,79,1/14/2018,2.13,6,271
6425944,"Sunny house with SF panoramic views, 2-car parking",33532518,Irene,,Crocker Amazon,37.70597212,-122.4342685,Private room,159,3,97,3/23/2018,2.88,4,36
11047948,"Hilltop House, Panoramic SF Views",47938736,Kristi And Everett,,Crocker Amazon,37.70570917,-122.4357374,Entire home/apt,325,2,135,4/4/2018,5.62,1,46
20387522,3BR Daly City House-Private Balcony & City Views,48618586,Evolve Vacation Rental,,Crocker Amazon,37.70769702,-122.4361928,Entire home/apt,341,2,0,,,1,0
13452434,Daly City Private Room (Next to San Francisco),76840637,Yitao,,Crocker Amazon,37.70740574,-122.4508574,Private room,85,2,4,4/15/2017,0.19,2,5
16331804,Your Own Private 1-Bedroom/1-Bathroom in SF,106908544,Kevin,,Crocker Amazon,37.71255339,-122.4369314,Private room,99,2,51,3/6/2018,4.17,1,358
24087763,"Cozy Private Room-Studio feel, Parking [C]",159540074,Hewett,,Crocker Amazon,37.71255247,-122.4431207,Private room,90,1,0,,,6,360
23313532,"Convenient Private Room/Bath, Parking[1] (30% off)",159540074,Hewett,,Crocker Amazon,37.71217276,-122.4425827,Private room,82,1,3,3/31/2018,3,6,361
14903530,City Retreat: Stunning Views from All 3 Floors,90631,Dan,,Diamond Heights,37.74132216,-122.4370457,Entire home/apt,295,7,4,8/15/2017,0.23,1,134
1857226,San Fran 3BR/Den/3bathroom/free parking,5480373,Louise And Jim,,Diamond Heights,37.7356426,-122.4408541,Entire home/apt,390,3,48,3/24/2018,1.03,1,318
9841955,Urban Artsy Studio in prime Nob Hill,611268,Puja,,Downtown/Civic Center,37.78707009,-122.4119705,Entire home/apt,130,30,4,10/25/2017,0.19,1,0
224671,"Modern 2Bd, 2Ba Downtown Apartment",1169566,Shirley,,Downtown/Civic Center,37.77653321,-122.4187758,Entire home/apt,300,365,10,8/9/2016,0.37,1,180
18810574,Cute and sunny studio in the heart of SF,5916617,Denise,,Downtown/Civic Center,37.78673729,-122.4197323,Entire home/apt,150,30,40,1/21/2018,3.83,1,23
8033268,Downtown Union Sq TS/Hotel Studio,6346492,Dana,,Downtown/Civic Center,37.78846418,-122.4105364,Private room,180,2,5,10/8/2016,0.18,29,0
7958214,Downtown Spacious Hotel/TS Studio,6346492,Dana,,Downtown/Civic Center,37.78663806,-122.4094268,Private room,180,2,12,10/27/2016,0.38,29,0
1614453,Union Square Hotel/Timeshare Studio,6346492,Dana,,Downtown/Civic Center,37.78758603,-122.4090527,Private room,169,2,55,5/4/2017,0.99,29,0
7897391,Downtown SF Timeshare/Hotel Studio,6346492,Dana,,Downtown/Civic Center,37.78738472,-122.4098336,Private room,180,2,18,10/8/2016,0.57,29,0
8089051,Downtown Hotel/TS Studio Union Sq,6346492,Dana,,Downtown/Civic Center,37.78845706,-122.4111698,Private room,250,2,6,9/27/2016,0.21,29,0
8993301,Central Union Sq. Hotel/TS Studio,6346492,Dana,,Downtown/Civic Center,37.78819251,-122.4094991,Private room,180,2,0,,,29,0
11461771,"Startup Basecamp,org -Startup Hotel",9744251,Guillaume,,Downtown/Civic Center,37.78207905,-122.4217747,Shared room,69,7,9,7/16/2017,0.35,2,358
10883329,"Startup Basecamp,org HACKER HOUSE!",9744251,Guillaume,,Downtown/Civic Center,37.78251512,-122.4215014,Shared room,99,5,11,11/18/2017,0.63,2,357
7952959,Gorgeous Mid-Market Apartment Home!,11597958,Ty,,Downtown/Civic Center,37.78267687,-122.4139246,Entire home/apt,95,3,13,2/19/2018,0.41,1,0
2478558,"Donatello hotel room, Union Square, 2 double beds",11638127,Dave,,Downtown/Civic Center,37.78897267,-122.4092725,Private room,219,1,5,11/9/2017,0.11,5,3
8328410,Low Nob Hill Sutter St Studio 2+1px,12433533,Ruben,,Downtown/Civic Center,37.78893896,-122.4172196,Entire home/apt,149,30,110,3/12/2018,3.69,1,313
14552390,The Bartlett QUEEN,17042045,The Bartlett,,Downtown/Civic Center,37.78598398,-122.4077414,Entire home/apt,78,1,78,3/17/2018,3.93,25,9
5070957,THE BARTLETT QUEEN,17042045,The Bartlett,,Downtown/Civic Center,37.78529865,-122.4082313,Private room,59,1,69,3/13/2018,1.84,25,0
16930263,The Bartlett QUEEN,17042045,The Bartlett,,Downtown/Civic Center,37.78723187,-122.4082861,Private room,70,1,41,3/19/2018,3.03,25,0
16930151,The Bartlett QUEEN,17042045,The Bartlett,,Downtown/Civic Center,37.78531494,-122.4076837,Private room,70,1,34,3/16/2018,2.48,25,0
16963297,THE BARTLETT QUEEN,17042045,The Bartlett,,Downtown/Civic Center,37.78728661,-122.4080559,Private room,75,1,33,3/16/2018,2.67,25,17
17826181,THE BARTLETT QUEEN,17042045,The Bartlett,,Downtown/Civic Center,37.78731093,-122.409033,Private room,75,1,35,3/15/2018,2.83,25,19
4701489,SF Hotel Studio: Union Square Gem!,22267033,Jennifer,,Downtown/Civic Center,37.78738647,-122.4093389,Entire home/apt,249,1,31,3/23/2018,0.79,21,349
7963103,SF Hotel Studio: Union Square (7),22267033,Jennifer,,Downtown/Civic Center,37.78837258,-122.4109103,Entire home/apt,229,1,9,11/9/2017,0.29,21,355
6649234,SF Hotel Studio: Union Square (5),22267033,Jennifer,,Downtown/Civic Center,37.78858276,-122.4094901,Entire home/apt,229,1,8,9/24/2016,0.23,21,361
20817930,SF Hotel Studio: Union Square Gem!,22267033,Jennifer,,Downtown/Civic Center,37.78825188,-122.4110065,Entire home/apt,179,1,4,3/23/2018,0.58,21,26
13896608,"SF Union Square, unbeatable location! (2)",22267033,Jennifer,,Downtown/Civic Center,37.7881509,-122.4112326,Entire home/apt,259,1,11,10/11/2017,0.52,21,362
10477007,SF Hotel Studio: Union Square (8),22267033,Jennifer,,Downtown/Civic Center,37.78812345,-122.4106335,Private room,239,1,9,11/9/2017,0.35,21,361
4902907,Fall Room (7),25176023,Tony,,Downtown/Civic Center,37.78575999,-122.4148914,Private room,59,1,305,4/1/2018,7.68,8,349
9532943,(18) Deluxe Room with Private Bath,25176023,Tony,,Downtown/Civic Center,37.7863046,-122.4162886,Private room,69,1,225,3/28/2018,7.84,8,347
4902855,(14) Spacious Room Near Downtown SF,25176023,Tony,,Downtown/Civic Center,37.78658904,-122.4135585,Private room,59,1,337,3/28/2018,8.48,8,337
4902729,"(the 
  15) Private Room Near Downtown SF",25176023,Tony,,Downtown/Civic Center,37.7846841,-122.414812,Private room,59,1,220,3/31/2018,5.54,8,346
13913910,Presidential 1 Bedroom in the ♥ of Downtown SF,26482762,ResortShare1,,Downtown/Civic Center,37.78923898,-122.4117081,Private room,312,3,1,10/5/2017,0.16,17,324
5173043,Lovely Deluxe 1 Bedroom in Downtown ♥,26482762,ResortShare1,,Downtown/Civic Center,37.78876002,-122.4116199,Private room,216,2,73,3/1/2018,1.91,17,269
13975376,Splendid Space by Theater District & Union Square,26482762,ResortShare1,,Downtown/Civic Center,37.7894808,-122.4130566,Private room,216,2,11,3/10/2018,0.6,17,301
22104228,❤️ of San Francisco | Close to Everything,38610488,Ana,,Downtown/Civic Center,37.78764951,-122.4190141,Private room,89,30,37,3/30/2018,9.49,1,278
23630055,Stratford Hotel Twin/Twin,173206762,Stratford,,Downtown/Civic Center,37.78583981,-122.4077404,Private room,75,1,1,3/17/2018,1,63,3
10156101,Inn at the Opera 2 bathroom suite for four,47514427,Jeff,,Downtown/Civic Center,37.77886132,-122.4220926,Entire home/apt,195,1,16,3/23/2018,0.62,15,141
19236730,Studio at Donatello Hotel near Union Square,47514427,Jeff,,Downtown/Civic Center,37.7888087,-122.4115313,Private room,235,1,12,3/22/2018,1.33,15,214
13284618,Studio at Donatello Hotel near Union Square,47514427,Jeff,,Downtown/Civic Center,37.78901483,-122.4092865,Entire home/apt,235,1,36,3/29/2018,2.62,15,181
9716652,Basic Double Room R-4 with Shared Bath,50160697,Virgilio,,Downtown/Civic Center,37.78781407,-122.4163734,Private room,85,2,37,3/22/2018,2.46,8,235
20269328,Double Deluxe R-7 w/ Shared Bath,50160697,Virgilio,,Downtown/Civic Center,37.78527824,-122.4147746,Private room,100,2,5,2/25/2018,0.81,8,193
10282371,Ste 1408-1 Queen Bedrm & Living Rm,51659350,Wes,,Downtown/Civic Center,37.78938021,-122.4081533,Private room,279,5,2,8/26/2017,0.09,4,210
20885900,DESIGNER SHOWHOME- Luxe Bdrm w/ Private  Bath,58233162,Heather,,Downtown/Civic Center,37.78800291,-122.4182043,Private room,25,1,31,4/1/2018,6.24,2,6
23685499,INN AT THE OPERA BOUTIQUE HOTEL  sleeps 2 or 4,64646820,Michelle,,Downtown/Civic Center,37.77938713,-122.4234121,Private room,199,1,2,3/22/2018,2,13,50
23686364,INN AT THE OPERA BOUTIQUE HOTEL sleeps 2 or 4,64646820,Michelle,,Downtown/Civic Center,37.77936862,-122.4211643,Private room,199,1,1,3/29/2018,1,13,48
23681212,GREAT HOTEL ROOM AT THE DONATELLO IN UNION SQUARE,64646820,Michelle,,Downtown/Civic Center,37.78719268,-122.4101859,Private room,199,1,1,3/23/2018,1,13,42
23746795,Great Private Studio- Donatello Hotel-Union Square,64646820,Michelle,,Downtown/Civic Center,37.7882726,-122.4111662,Private room,199,1,0,,,13,46
17825792,3 Bedroom ★ Plush Presidential ★ Downtown SF,67373986,Resort,,Downtown/Civic Center,37.78819511,-122.4135362,Private room,525,2,2,6/30/2017,0.21,7,275
17760632,★ Posh 1 Bedroom ★ Downtown ★ Walk Everywhere,67373986,Resort,,Downtown/Civic Center,37.7882421,-122.4118012,Private room,252,2,9,3/10/2018,0.74,7,291
21185602,"WorldMark SF,1BR/2BA(Sleeps 4)Close to Dreamforce",84583753,Hanny,,Downtown/Civic Center,37.78839981,-122.4089926,Entire home/apt,500,3,0,,,3,0
15342398,1bdrm Wyndham Canterbury*SPECIAL BOOK NOW PRICING!,96098402,Carrie,,Downtown/Civic Center,37.78808677,-122.4119585,Entire home/apt,339,3,3,1/12/2018,0.22,6,365
22207774,Wyndham Canterbury at San Francisco 1 bedroom,100238132,Michael,,Downtown/Civic Center,37.78923251,-122.413143,Private room,229,3,0,,,4,344
15833186,Single Bed in Music Themed Hotel/Hostel,102523118,Music City,,Downtown/Civic Center,37.78765676,-122.4204701,Shared room,33,3,28,2/23/2018,1.65,1,64
17892443,Private Room with shared bathroom in Hotel,103049007,Akshay,,Downtown/Civic Center,37.78631171,-122.4139568,Private room,70,1,19,3/4/2018,1.7,11,63
16018565,The Sutter Apartment Back,104172283,Charles,,Downtown/Civic Center,37.78810562,-122.4153729,Entire home/apt,240,2,99,3/23/2018,5.88,2,8
20860767,Beautiful apartment near union square,116905696,Yican,,Downtown/Civic Center,37.7869941,-122.4112291,Entire home/apt,200,1,23,4/2/2018,3.45,1,311
20936216,New! PRIVATE ROOM w/ private en-suite bath #1,136470616,Jessica,,Downtown/Civic Center,37.7899057,-122.4107176,Private room,69,1,33,3/19/2018,8.32,5,259
21786747,Centrally located apartment in san francisco,150187034,Yutoliho,,Downtown/Civic Center,37.78227653,-122.414353,Entire home/apt,250,1,0,,,3,137
23060552,Petite Auberge - Deluxe King with Fireplace,162674732,Petite Auberge,,Downtown/Civic Center,37.78953092,-122.4106709,Private room,249,1,0,,,4,4
23060340,Petite Auberge - Cozy Queen,162674732,Petite Auberge,,Downtown/Civic Center,37.78939573,-122.411732,Private room,219,1,1,3/9/2018,1,4,4
23060478,Petite Auberge - Deluxe Queen with Fireplace,162674732,Petite Auberge,,Downtown/Civic Center,37.78860655,-122.4109289,Private room,239,1,0,,,4,4
23634783,Stratford Hotel Twin/Twin,173206762,Stratford,,Downtown/Civic Center,37.78724318,-122.4086021,Private room,75,1,0,,,63,1
23552269,Stratford Hotel Room Full,173206762,Stratford,,Downtown/Civic Center,37.78741354,-122.4068035,Private room,69,1,1,3/4/2018,0.86,63,1
6629798,Room w/ private bath + free parking (Room A),1483039,Adam,,Excelsior,37.72836402,-122.4164301,Private room,120,2,178,3/18/2018,5.18,2,17
11620002,Newly redone 1BR 10 min fr Valencia,2259098,Thuy,,Excelsior,37.72546575,-122.4321062,Entire home/apt,100,7,62,3/27/2018,2.63,2,219
7341076,The Bloomsbury Room,4249288,Annria,,Excelsior,37.72683265,-122.4296151,Private room,70,2,44,3/31/2018,1.36,3,330
968046,Private Bedroom w/ share Bathroom,5284406,Pk,,Excelsior,37.7209799,-122.431593,Private room,109,2,84,11/8/2017,1.47,1,364
16335125,Private Guest House 2 BR w/ Garage Parking,7076264,Erika,,Excelsior,37.71773555,-122.431489,Entire home/apt,150,2,69,3/30/2018,5.48,1,52
13602723,Great Suite near Mission District & Public Trans.,7423800,Kate,,Excelsior,37.72433634,-122.4214931,Private room,75,2,107,3/28/2018,4.99,1,258
1629577,San Francisco gem at McLaren Park,8660028,Camilla,,Excelsior,37.72449985,-122.4235816,Entire home/apt,240,4,34,10/23/2017,0.62,1,272
1633173,Private San Francisco Suite,8676376,Herbert,,Excelsior,37.72571071,-122.4181395,Private room,65,1,120,4/3/2018,4.79,4,38
1926253,"Cozy, studio garden apartment",9978934,Jennifer,,Excelsior,37.72248434,-122.4277876,Entire home/apt,80,2,55,4/4/2018,1.11,1,186
2701658,quiet apartment with view & garden,13825526,Jeanne & Jim,,Excelsior,37.7262852,-122.4201987,Entire home/apt,110,3,103,3/27/2018,2.14,1,27
5853587,One Private Bedroom/Shared bathroom,16022933,Rick,,Excelsior,37.72218644,-122.430775,Private room,60,5,27,2/18/2018,0.74,1,46
11075529,Private Furnished Spacious Room,24091826,Julian (Jack),,Excelsior,37.72457702,-122.4315056,Private room,45,5,70,1/22/2018,2.68,3,3
5978964,Classic Car Room ~ Excelsior Dist.,31039935,Tammy,,Excelsior,37.72688268,-122.4256825,Private room,96,2,89,3/26/2018,2.5,1,187
9839501,"Spacious, quiet private bedroom",50668330,Natalie,,Excelsior,37.72933089,-122.4215973,Private room,75,1,21,2/28/2018,0.91,3,259
22986782,Cozy Portola Home - Private Bedroom and Bathroom,64375178,Christopher,,Excelsior,37.7225709,-122.4090434,Entire home/apt,119,2,1,2/2/2018,0.46,1,6
13427895,The Matisse Room,75594709,Magdalena,,Excelsior,37.72871193,-122.4293362,Private room,45,1,29,2/20/2018,1.32,3,55
14219809,Private room in San Francisco (Excelsior) home!,79153344,Linda,,Excelsior,37.72509944,-122.4268731,Private room,69,1,174,3/27/2018,9.03,2,4
14476185,1Bedroom in SF home.,86027378,Ernest,,Excelsior,37.7247732,-122.4198781,Private room,48,30,71,1/31/2018,3.62,4,310
14475808,Private Flat in SF,86027378,Ernest,,Excelsior,37.72643931,-122.4187502,Entire home/apt,149,30,68,7/10/2017,3.44,4,364
20242206,roomA Queen/w PRIVATE bath between SFO and Pier 39,104567752,Yingming,,Excelsior,37.71698867,-122.4319436,Private room,80,1,44,4/1/2018,6.2,3,339
16066598,SchMurray Castle on the Hill,104660822,Liz,,Excelsior,37.71831384,-122.4349019,Private room,85,1,3,2/8/2018,0.21,1,0
18329172,"Newly Remodeled 3 BD, Private Entrance, City Views",126811548,Thuy,,Excelsior,37.72846247,-122.409559,Entire home/apt,300,2,38,3/21/2018,3.92,1,89
259621,Friendly Hostel with Community #6,329072,Darren & Friends,,Financial District,37.7946973,-122.4037366,Shared room,38,1,142,3/29/2018,1.83,16,33
12857179,Friendly Hostel with Community #13,329072,Darren & Friends,,Financial District,37.79471386,-122.4032864,Shared room,38,1,39,3/18/2018,1.76,16,31
12857011,Friendly Hostel with Community #11,329072,Darren & Friends,,Financial District,37.79324559,-122.4032619,Shared room,38,1,40,3/17/2018,1.77,16,40
241235,Friendly Hostel with Community #4,329072,Darren & Friends,,Financial District,37.79270773,-122.4038258,Shared room,38,1,258,4/1/2018,3.27,16,30
1056844,Comfy cot +private 1/2 bath in sunny artistic loft,757108,Chantal & Louie,,Financial District,37.79009591,-122.3959334,Shared room,74,2,144,3/28/2018,2.39,2,285
16435615,Private bed/bath w panoramic downtown SF views,1624329,Tiff,,Financial District,37.78994718,-122.3943068,Private room,157,3,22,3/24/2018,2.12,1,157
3364514,Master bedroom w/ private bathroom,16976670,Paul,,Financial District,37.79804535,-122.4043759,Private room,95,1,32,7/31/2015,0.7,2,157
5945396,Ritz-Carlton Club San Fran - 3 BR,30857973,Travel En,,Financial District,37.78888727,-122.403582,Entire home/apt,980,4,2,2/20/2016,0.07,4,9
22941729,Luxury Place - Center of San Francisco - Moscone,48589875,Ut,,Financial District,37.78572514,-122.4010617,Private room,230,2,3,3/23/2018,1.32,1,329
15149051,Luxury High Rise Condo with Waterfront View,96092167,Michael,,Financial District,37.78951436,-122.3930561,Entire home/apt,400,30,63,1/12/2018,3.38,1,0
19316565,Comfortable Hotel Style Suite in Union Square,115809271,Sarah,,Financial District,37.79011007,-122.4068003,Entire home/apt,75,2,4,3/22/2018,1.36,2,21
3712976,"Quiet, Elegant, Everything You Need",1518236,Regina,,Glen Park,37.73836029,-122.4270454,Entire home/apt,178,30,23,3/31/2017,0.52,1,239
20384208,Entire Glen Park Loft -Beaut! Walk2BART-Close2 SFO,7252485,Linda,,Glen Park,37.7370683,-122.4296947,Entire home/apt,150,2,2,4/1/2018,2,2,47
2374361,Amazing Victorian Flat Noe Valley,12130768,Robin,,Glen Park,37.73883604,-122.425608,Entire home/apt,200,30,16,3/26/2018,0.34,1,217
3395051,"NOE VALLEY HOME WITH VIEW, DECK, FIREPLACE",17109298,Francis,,Glen Park,37.74167676,-122.4306076,Entire home/apt,425,5,4,7/11/2017,0.09,1,0
21187646,Room with awesome views and a private kitchen!,18658510,Sammy,,Glen Park,37.73892469,-122.430242,Private room,109,1,7,3/13/2018,1.19,3,88
13219968,Large Family Home near EVERYTHING,25719685,Andrea,,Glen Park,37.74142659,-122.4259754,Entire home/apt,750,3,3,11/26/2017,0.14,1,29
5863674,Noe Valley/Glenn Park studio,30447547,Gilmar,,Glen Park,37.73746422,-122.4287063,Entire home/apt,200,2,92,3/2/2018,2.6,1,305
6782479,Mediterranean Birds' Nest,35506418,Priya,,Glen Park,37.73476551,-122.4319367,Entire home/apt,270,3,8,1/16/2018,0.24,1,196
23235919,San Fran Gem / great location/ 3plus BR/ 2.5 Bath,55485389,Trish,,Glen Park,37.73793722,-122.437762,Entire home/apt,400,2,0,,,1,69
18567743,Wonderful Glen Park/Noe Valley Studio,71570278,Charlie,,Glen Park,37.74071328,-122.4274336,Entire home/apt,136,3,30,12/21/2017,2.79,1,74
14596029,Retro Glen Park Garden,90541912,Rob,,Glen Park,37.73419642,-122.4326484,Shared room,50,4,31,3/15/2018,1.56,4,16
2397858,Modern Light Airy House by GG Park/Beach w/parking,12062895,Suzy(S.Y.),,Golden Gate Park,37.77026055,-122.4990148,Entire home/apt,889,2,23,3/26/2018,0.83,2,112
2825966,Cole Valley Central Studio,81592,John,,Haight Ashbury,37.76464891,-122.4484798,Entire home/apt,169,4,65,4/1/2018,1.48,1,307
18971467,Newly Constructed Luxurious & Modern Home,102973,Brian,,Haight Ashbury,37.77496159,-122.4401722,Entire home/apt,1200,3,2,12/22/2017,0.2,1,71
3479568,Spacious Upper Haight Condo,167143,Jessie,,Haight Ashbury,37.77021614,-122.4493911,Entire home/apt,375,3,12,3/26/2018,0.57,2,73
4767720,Central Apartment with Deck Near Parks,262355,Lynn,,Haight Ashbury,37.77139189,-122.439812,Entire home/apt,195,1,22,4/1/2018,1.29,1,2
13066418,Delightful  remodeled Ashbury Hts 1 BR Apt,281509,Cary,,Haight Ashbury,37.766172,-122.4456594,Entire home/apt,159,30,18,11/8/2017,1.85,1,362
23842138,Private Bedroom in Modern Victorian in NOPA,326411,Michael,,Haight Ashbury,37.77353492,-122.44836,Private room,140,2,1,3/22/2018,1,2,74
70185,Classic Victorian in Ideal Location,349322,Jaime,,Haight Ashbury,37.7662949,-122.4474439,Entire home/apt,225,7,29,8/30/2017,0.35,1,218
126046,SF Victorian With Skyline Views ,625762,Ryan And Lindsea,,Haight Ashbury,37.76813476,-122.444936,Entire home/apt,170,30,79,12/8/2017,0.99,2,271
330535,Victorian Flat amongst the Trees.,625762,Ryan And Lindsea,,Haight Ashbury,37.76892288,-122.4461472,Entire home/apt,189,30,110,12/27/2017,1.48,2,266
997382,Haight Ashbury Experience Room 5,1032643,Josh,,Haight Ashbury,37.77030333,-122.4502068,Private room,53,2,318,3/26/2018,5.26,6,264
7858587,Haight Ashbury Experience Room L,1032643,Josh,,Haight Ashbury,37.77042567,-122.4482497,Private room,68,1,117,3/24/2018,3.69,6,341
9596600,Ghiardelli condo,10501924,Karen,,Marina,37.80319429,-122.4256555,Entire home/apt,212,30,6,2/26/2018,0.22,5,365
226594,Beautiful Cole Valley/Haight Flat.,1191853,Steve,,Haight Ashbury,37.76968017,-122.4519325,Private room,120,1,64,3/5/2018,0.81,1,354
22147017,Cole Valley Casa shared 2 bedrooms,1243792,Carolyn,,Haight Ashbury,37.76468889,-122.4486312,Private room,350,4,0,,,2,235
269463,Elegant Victorian Flat in Haight,1244308,Lawrence,,Haight Ashbury,37.76710859,-122.4515122,Entire home/apt,200,2,101,4/1/2018,1.3,1,14
4966389,Beautiful 2 Bbdm Victorian Flat,1399188,Tana,,Haight Ashbury,37.7738563,-122.4466741,Entire home/apt,200,7,10,8/25/2017,0.3,1,9
4135201,Contemporary SF - Private Bath #1,1635200,David,,Haight Ashbury,37.76316868,-122.4467758,Private room,119,2,69,4/6/2018,2.45,2,62
15177460,The Sea Monster in Nopa,1994513,Kirsten,,Haight Ashbury,37.77491546,-122.4402701,Private room,150,1,22,3/13/2018,1.23,1,222
422720,Spacious 1 Bd Apartment right by Golden Gate Park,2102181,Rouzbeh,,Haight Ashbury,37.77133118,-122.4471031,Entire home/apt,169,2,82,3/20/2018,1.13,1,122
791573,Historic Haight/Ashbury Apartment,3057214,Gavin,,Haight Ashbury,37.77406595,-122.4428167,Private room,80,3,121,3/21/2018,2.13,1,200
658687,Stunning Centrally Located 4bdr Hse,3322015,Craig,,Haight Ashbury,37.76633063,-122.448758,Entire home/apt,525,3,25,7/30/2017,0.43,1,34
678556,Cheerful Private Garden Studio,3453060,Lorraine,,Haight Ashbury,37.77431318,-122.4523622,Private room,135,3,297,3/30/2018,4.38,2,180
23875610,Serene Guest Room,3453060,Lorraine,,Haight Ashbury,37.77424981,-122.4528479,Private room,75,3,0,,,2,13
12917258,One Block to Haight Str Shops Bus Buena Vista Park,4035348,Nick,,Haight Ashbury,37.77096665,-122.4416199,Entire home/apt,118,30,26,2/6/2018,1.17,1,365
20979534,NOPA private bedroom in a gorgeous Victorian Home,4276210,Varendra,,Haight Ashbury,37.77318338,-122.4414794,Private room,110,3,27,3/27/2018,4.31,1,0
10437411,Haight Ashbury Painted Lady Studio,4413556,Chip & Angela,,Haight Ashbury,37.77025358,-122.447384,Entire home/apt,195,2,160,3/31/2018,6.78,1,65
9186305,Serene Golden Gate Park Home,5317770,Clifton,,Haight Ashbury,37.7697027,-122.4523414,Private room,80,4,59,3/26/2018,2.1,2,0
19121342,Charming Golden Gate Park Home,5317770,Clifton,,Haight Ashbury,37.76994293,-122.4532942,Private room,80,3,7,10/2/2017,0.73,2,0
2026910,Sweet Edwardian NOPA 3Bd w/Views & Parking,7096906,Bree,,Haight Ashbury,37.77399815,-122.4530911,Entire home/apt,550,3,93,1/21/2018,1.83,1,176
1919372,Jewel Box Studio in Hip NoPa,7361314,Art,,Haight Ashbury,37.77570009,-122.4384717,Entire home/apt,175,1,273,4/1/2018,5.19,1,249
4321720,Modern room with view of Alamo Sq,7628795,Michael And Novita,,Haight Ashbury,37.77469241,-122.4395633,Private room,165,2,70,3/24/2018,1.66,1,112
1480015,Vintage Modern Victorian Apartment,7919343,Ben,,Haight Ashbury,37.76785076,-122.4490233,Entire home/apt,265,3,111,3/24/2018,2.12,1,217
7022309,Sunny Queen in a restored Edwardian,9177164,Beth,,Haight Ashbury,37.77497609,-122.4435542,Private room,88,1,70,3/28/2018,2.14,4,52
10126716,4 bedroom Edwardian flat in NOPA!,9177164,Beth,,Haight Ashbury,37.77507593,-122.4439758,Entire home/apt,500,2,34,1/2/2018,1.29,4,6
1743201,Comfy King in a restored Edwardian,9177164,Beth,,Haight Ashbury,37.77397227,-122.4422614,Private room,90,1,65,3/11/2018,1.99,4,97
2046552,Perfect Large/Multi-Family Getaway,10491767,Tom,,Haight Ashbury,37.7691335,-122.4456034,Entire home/apt,375,6,40,9/7/2017,1,2,0
7666482,Zen Living 2bd/2ba in NOPA,12417372,Paul,,Haight Ashbury,37.77367566,-122.4456409,Entire home/apt,145,31,4,12/18/2015,0.12,1,0
2585167,Beautiful flat in SF,13236139,Mike & Shirley,,Haight Ashbury,37.77267633,-122.4396098,Entire home/apt,200,2,23,1/28/2018,0.52,1,1
6451098,3 rooms in ex-b&b in the ❤️ of S.F.,23942099,Robert Stern &,,Haight Ashbury,37.76090479,-122.4467282,Entire home/apt,350,2,10,1/21/2018,0.3,5,347
7302136,"Spacious Apt, Sunset View, Convenient Neighborhood",38249439,Janet,,Haight Ashbury,37.76515705,-122.4465764,Entire home/apt,99,7,11,3/10/2018,0.34,1,0
7478631,Most Cheerful in Cole Valley,38787416,Kay,,Haight Ashbury,37.76210544,-122.4520166,Entire home/apt,145,1,216,4/2/2018,6.84,1,84
7619767,San Francisco -  Quaint Cole Valley - Executive,39964691,Arthur And Victoria,,Haight Ashbury,37.76316026,-122.4507635,Entire home/apt,490,4,13,11/9/2017,0.42,1,149
8164773,Haight Studio,43094128,Humaira,,Haight Ashbury,37.77015668,-122.4480749,Entire home/apt,210,30,16,1/19/2018,0.54,1,290
16079346,"Private Room in Historic Edwardian, Great Location",50381482,Monette,,Haight Ashbury,37.76594461,-122.4462418,Private room,100,2,7,3/28/2018,1.18,1,199
18237064,Cole Valley Comfort,67830390,Victoria,,Haight Ashbury,37.76804299,-122.449476,Private room,75,2,10,10/15/2017,1.27,4,0
18037180,Gorgeous Serenity in the city with views,80544181,Chris,,Haight Ashbury,37.77305879,-122.4527808,Entire home/apt,500,3,26,3/26/2018,3.05,1,72
23004935,Rainbow Room - Private Bedroom in a Warm Community,117141107,Tobie,,Haight Ashbury,37.77063153,-122.4489546,Private room,60,1,12,3/30/2018,6.55,16,2
18345542,Summer of Love - Private Room in a Warm Community,117141107,Tobie,,Haight Ashbury,37.76909007,-122.4509988,Private room,90,1,25,4/2/2018,2.21,16,158
17696905,Golden Gate - Private Bedroom in Warm Community,117141107,Tobie,,Haight Ashbury,37.76989597,-122.4507452,Private room,90,1,51,4/3/2018,4.19,16,247
21026891,"Water Bunk, Peacock Room: Cozy Bed in Shared Room",117141107,Tobie,,Haight Ashbury,37.76998802,-122.4493843,Shared room,50,1,26,3/26/2018,4.02,16,257
17344333,"Air Bunk, Peacock Room: Cozy Bed in Shared Room",117141107,Tobie,,Haight Ashbury,37.769769,-122.4505222,Shared room,50,1,14,3/30/2018,1.06,16,260
17767863,"Private Suite w/ Bath, Artsy Hotel/Co-op: Sunshine",117141107,Tobie,,Haight Ashbury,37.76990172,-122.449339,Private room,90,1,33,3/30/2018,2.61,16,239
18314694,"Bright & Spacious Haight Ashbury Large Bedroom, Sleep 3",123485258,Joe,,Haight Ashbury,37.76877873,-122.4475188,Private room,150,2,7,3/25/2018,1.2,4,56
18063783,"King of Kings of the Haight Ashbury, San Francisco",124051180,Lana,,Haight Ashbury,37.76989238,-122.4428634,Entire home/apt,399,3,22,3/15/2018,1.83,1,133
7009791,Private Room in Beautiful Edwardian,58930,David,,Inner Richmond,37.7777961,-122.4593366,Private room,125,3,16,3/23/2018,0.49,3,21
1847664,Lovely Private Suite w. Garden;  Great SF Location,262762,Jan,,Inner Richmond,37.77527443,-122.4547466,Entire home/apt,128,4,57,1/19/2018,1.08,1,218
4360006,Lone Mountain Guest Room A,674976,Phil,,Inner Richmond,37.77692667,-122.458236,Private room,100,2,26,3/23/2018,0.62,4,105
23680952,Lone Mountain Guest Room B,674976,Phil,,Inner Richmond,37.77810485,-122.4580869,Private room,80,2,0,,,4,12
964751,Fully Private Garden Studio w/bath,674976,Phil,,Inner Richmond,37.77841836,-122.4579575,Entire home/apt,160,3,207,3/30/2018,3.36,4,107
1072791,Ocean View Room in Unique Artist's Mansion,791253,Elizabeth,,Inner Richmond,37.77745038,-122.4532055,Private room,115,3,243,4/1/2018,4.09,3,132
178740,Gorgeous Spacious Apartment in Unique Mansion,791253,Elizabeth,,Inner Richmond,37.77818014,-122.4542027,Entire home/apt,178,7,109,3/23/2018,1.34,3,103
424846,Luxury Bed & Bath with private Living Room,2112291,Martha,,Inner Richmond,37.783767,-122.4752233,Private room,126,2,118,4/1/2018,2.71,1,304
17777195,Bright Spacious Private Room Near Golden Gate Pk,2818775,Elena,,Inner Richmond,37.77888192,-122.4735372,Private room,82,1,17,3/16/2018,3.13,2,119
614278,3 - 4 bedroom condo near Golden Gate Park,3047166,Fleur,,Inner Richmond,37.77715709,-122.4627143,Entire home/apt,265,3,11,12/27/2017,0.16,1,108
4948340,Private Room in a Strategic Area,5366845,Budi,,Inner Richmond,37.78354153,-122.4677134,Private room,65,1,268,3/5/2018,6.98,2,274
8850711,Private Bedroom in Great Location,7674050,Nancy,,Inner Richmond,37.78580912,-122.461647,Private room,125,2,25,2/19/2018,0.95,2,41
2670951,Executive Rental 3/2 sleeps 6,8119896,Patsy,,Inner Richmond,37.78249011,-122.459082,Entire home/apt,395,2,174,4/5/2018,3.7,5,171
2203283,Quiet Harbor for your Journey in SF,8146224,Ming,,Inner Richmond,37.77980905,-122.4684132,Private room,65,1,232,3/26/2018,4.53,1,299
2657328,Charming Victorian Row House,9145747,Jeffrey,,Inner Richmond,37.78251493,-122.4602738,Entire home/apt,425,5,3,1/12/2017,0.12,1,5
1830541,Golden Gate Park Retreat,9574679,Leticia,,Inner Richmond,37.77844814,-122.4689273,Entire home/apt,135,3,204,3/19/2018,3.97,1,231
2123469,Cozy Giants Room @Golden Gate Park,10829039,Viviane&Lele,,Inner Richmond,37.77372777,-122.4631288,Private room,125,2,149,3/22/2018,3.03,6,336
6558552,Garden Room,11883320,Kim,,Inner Richmond,37.78001733,-122.4539371,Private room,150,3,13,8/4/2017,0.38,7,182
2350088,Clean and Comfortable,11883320,Kim,,Inner Richmond,37.77956796,-122.4546673,Private room,130,3,23,8/21/2017,0.46,7,211
21625824,"Gorgeous, new guest space within a classic SF home",14211333,Jennifer,,Inner Richmond,37.78534902,-122.4683019,Entire home/apt,195,2,7,4/1/2018,4.67,1,198
13186688,"3 Bdr house by Golden Gate park, 20 mins downtown!",15050419,Kate,,Inner Richmond,37.77963622,-122.4770003,Entire home/apt,400,2,5,12/27/2017,0.23,1,3
12853235,Lone Mountain Escape,15449058,Warren,,Inner Richmond,37.77926391,-122.4490673,Entire home/apt,300,2,7,2/16/2018,0.34,1,292
19509211,Spacious Master Room Near Golden Gate Park,16336319,Elena,,Inner Richmond,37.77882736,-122.4748215,Private room,99,1,42,2/16/2018,4.92,3,131
18229319,Spacious Apt near Golden Gate Park Sleeps 4,34149990,Holly,,Inner Richmond,37.77469257,-122.4623547,Entire home/apt,149,2,4,3/30/2018,4,1,23
12069391,Fresh Modern Patio Apartment,40651483,Hannah,,Inner Richmond,37.77966284,-122.4666247,Entire home/apt,118,30,11,1/21/2018,0.48,1,241
13264163,Great Family Apartment Close To Golden Gate Park!,41190857,James,,Inner Richmond,37.77673773,-122.4665722,Entire home/apt,245,2,13,9/28/2017,0.59,1,0
11277106,NON-SMOKING  NON-SMOKING    LARGE   2-BR Apartment,51089417,Nelson,,Inner Richmond,37.78547234,-122.4645672,Entire home/apt,139,30,9,3/20/2017,0.36,3,179
12175415,Sunny Inner Richmond Garden Suite,56076559,Deborah,,Inner Richmond,37.78402149,-122.4618942,Entire home/apt,200,4,71,3/29/2018,2.92,2,77
11265368,HUGE HOME FREE PARKING,58812881,Terence,,Inner Richmond,37.77878932,-122.4731609,Entire home/apt,189,30,14,9/30/2017,0.54,1,148
12203625,"Petite room ""H""",65608188,Iz,,Inner Richmond,37.78554866,-122.4630002,Private room,39,30,1,12/14/2017,0.26,5,273
14153586,Small sunny bedroom & more in Inner Richmond Apt,85402267,Monica,,Inner Richmond,37.77449021,-122.4652222,Private room,46,30,73,1/10/2018,3.61,1,240
23972189,Elegant 4 Bedroom Home in Central San Francisco,96483395,Julie,,Inner Richmond,37.7791787,-122.4476136,Entire home/apt,700,4,0,,,1,127
17721104,Luxury Flat 4bd/3ba near Golden Gate Park,120818752,Lisa,,Inner Richmond,37.7752946,-122.4730306,Entire home/apt,325,2,50,3/30/2018,4.05,1,185
21125429,Private Garden Apartment,149725836,Luis,,Inner Richmond,37.78536816,-122.4647179,Entire home/apt,175,3,2,4/4/2018,1.28,1,219
21022837,Turk Street Retreat,151399600,Pamela,,Inner Richmond,37.77889122,-122.4486271,Entire home/apt,750,4,2,3/23/2018,0.83,1,347
21683354,"Private Room #3, two single bed, Sleeps 2 guest",157821053,Judy,,Inner Richmond,37.77538435,-122.4675422,Private room,68,1,16,3/15/2018,3.36,4,36
1920033,Private room with private bathroom,4921,Kevin,,Inner Sunset,37.7538901,-122.4580171,Private room,110,1,398,4/3/2018,7.47,2,39
8817059,Pacific Overlook in San Francisco,89518,Peter,,Inner Sunset,37.7523142,-122.4699372,Entire home/apt,400,3,3,12/28/2017,0.6,1,0
4105958,Cozy & Comfy Place w/ Private Entry & Living Space,148524,Paul,,Inner Sunset,37.75654259,-122.4664252,Private room,125,3,139,3/26/2018,3.24,1,21
14181982,New renovated 1 BR steps to UCSF with deck & views,541068,Susheela,,Inner Sunset,37.7636648,-122.4606944,Entire home/apt,195,3,53,3/29/2018,2.76,1,115
21837830,"Serene Suite w/ Private Entry, View",835115,Isaac,,Inner Sunset,37.7490952,-122.4678214,Entire home/apt,125,1,6,3/28/2018,2.28,1,122
8500048,"Beautiful, Modern Oasis in Fantastic location!",1371443,Brandi,,Inner Sunset,37.76104253,-122.4750387,Entire home/apt,160,4,61,4/2/2018,1.98,1,101
21817055,New! Beautiful Master Suite with Huge Private Bath,2146719,Nikki,,Inner Sunset,37.75420712,-122.4759499,Private room,100,1,14,3/30/2018,3.31,3,10
9922088,"Garden View, Inner Sunset, Golden Gate Park, UCSF",4670031,Kameh,,Inner Sunset,37.7619404,-122.4639171,Private room,65,1,3,3/14/2018,3,3,327
1019135,Spacious SF Apartment Near GG Park,5610543,Rob,,Inner Sunset,37.76361745,-122.4649199,Entire home/apt,300,4,12,10/9/2016,0.2,1,0
6072316,Great place for two families in the Inner Sunset,6148057,Peter,,Inner Sunset,37.76050686,-122.4714123,Entire home/apt,600,3,1,6/17/2015,0.03,2,0
8117667,Perfect Location! Private bathroom too!,6299109,Roberta,,Inner Sunset,37.76420634,-122.464335,Private room,139,3,52,2/20/2018,1.67,1,34
1932019,Private garden guest duplex,10001067,Martha,,Inner Sunset,37.75561601,-122.4680532,Private room,90,2,82,3/22/2018,1.6,1,327
6365956,Cozy Bedroom+EASY PARKING!!,11776513,Yuki,,Inner Sunset,37.75748143,-122.4722197,Private room,129,1,56,4/4/2018,1.59,1,321
19946179,Hip and cozy house in SF's best neighborhood,12372000,Gordon,,Inner Sunset,37.76170623,-122.4683631,Entire home/apt,380,3,3,3/31/2018,0.38,1,6
15432669,Modern Inner Sunset 1 bedroom apartment,12765917,Nada,,Inner Sunset,37.75677967,-122.4673961,Private room,150,3,48,3/19/2018,2.67,1,53
5632452,Charming 1 bedroom in law Inner Sunset at UCSF,20497687,Ilya,,Inner Sunset,37.75603229,-122.4608983,Entire home/apt,150,1,42,3/22/2018,5.29,1,235
20768833,Modern 4BR/3.5BA Treehouse with views of SF,26071401,John,,Inner Sunset,37.76181285,-122.453476,Entire home/apt,995,5,10,4/2/2018,1.49,1,314
5852204,Charming Golden Gate Height Studio,30387746,Johnny & Anne,,Inner Sunset,37.76054964,-122.4717882,Entire home/apt,89,1,261,3/30/2018,7.22,1,224
20558470,Upscale Golden Gate SF Forest View 1 Bedroom,32149194,Lauren,,Inner Sunset,37.75469397,-122.4650011,Entire home/apt,99,5,8,3/9/2018,1.28,1,55
6272183,Cozy Studio by Golden Gate Park,32300861,Elizabeth,,Inner Sunset,37.76325349,-122.452522,Entire home/apt,85,30,75,12/22/2017,2.15,1,81
7009809,"Comfy, 2 levels, 3bd/2b, free parking, GG Park,",33833956,Voula,,Inner Sunset,37.7568804,-122.467846,Entire home/apt,395,3,110,3/26/2018,3.36,1,55
21694548,Haight-Ashbury flat near UCSF and N-Judah,43918217,Mike,,Inner Sunset,37.76498542,-122.4546559,Entire home/apt,225,3,27,4/1/2018,5.59,1,22
17574138,Beautiful Golden Gate Heights Home,119352312,Donovan,,Inner Sunset,37.75279712,-122.4703921,Entire home/apt,150,5,1,7/16/2017,0.11,1,0
22554459,1887 Historic Bungalow,165727609,Stephanie,,Inner Sunset,37.76370389,-122.4544277,Private room,195,2,4,4/1/2018,4,1,149
7073115,"Modern, Queen Bed, Pvt Bath, Pvt Entry, Couples :)",11609628,Isaac,,Lakeshore,37.73289635,-122.4936066,Private room,94,1,147,4/2/2018,4.44,5,241
9477823,"Spacious Master Bedroom, King Bed, & Private Bath",44679401,Alek,,Lakeshore,37.73351616,-122.4822823,Private room,64,2,104,3/23/2018,4.15,1,55
10974118,cozy private bedroom and bathroom,56937224,Leonid,,Lakeshore,37.71347711,-122.483589,Private room,100,30,13,11/11/2017,0.56,1,0
23765550,Spacious Sublime House w/ Ocean Views & Parking,145405692,Helen,,Lakeshore,37.73335614,-122.4738196,Entire home/apt,700,5,0,,,5,342
23435926,Lakeshore 独立卫生间,154389738,Wa Chi,,Lakeshore,37.73068776,-122.4968902,Private room,98,1,2,3/24/2018,2,2,133
21357599,"Life in SF, Bunk Bed in a Shared Room D1",154519240,Naya,,Lakeshore,37.73262628,-122.4744368,Shared room,45,31,9,3/12/2018,1.85,4,365
19945680,Charming 3 Bedroom in the Heart of the Marina,126039,Johanna,,Marina,37.80201607,-122.4362775,Entire home/apt,375,3,8,2/9/2018,1.04,1,3
3029597,"Private & Quiet Room w/ Shared Bath, near Marina",930744,Alison,,Marina,37.79703827,-122.4373219,Private room,99,1,99,3/27/2018,2.54,4,79
1241029,Marina Designer Showplace Master RM,1700823,Jennifer,,Marina,37.80365326,-122.4455452,Private room,150,2,78,3/31/2018,1.37,4,335
21110134,Gorgeous 1BR Cow Hollow apartment with GGB Views,1761341,Erin,,Marina,37.7984279,-122.4244687,Entire home/apt,250,2,4,2/11/2018,0.81,1,10
1506702,Spacious 3 BD Cow Hollow Flat,2228453,Ellen,,Marina,37.79951523,-122.4282109,Entire home/apt,473,1,86,3/10/2018,1.56,1,331
881105,Waterfront Condo - Designer Luxury!,2486135,Laura,,Marina,37.80531755,-122.4354753,Entire home/apt,375,3,6,8/31/2016,0.18,2,134
548232,PERFECT LOCATION CONDO!  Clean & spacious,2694941,Jd,,Marina,37.79817249,-122.4416863,Entire home/apt,900,4,24,11/10/2017,0.34,2,186
24096960,Sunny spacious room centrally located in Marina,2886725,Bobbi,,Marina,37.80341033,-122.4267041,Private room,135,1,0,,,1,11
1174214,Private Bd/Bth Gorgeous Marina home,3080489,Beth,,Marina,37.80538766,-122.4363611,Private room,395,2,29,7/23/2017,0.49,3,365
3962831,2 bdrms in shared Marina home,3080489,Beth,,Marina,37.80442387,-122.4376167,Entire home/apt,595,2,12,10/13/2017,0.33,3,356
7689528,Luxury Marina Home w/Amazing Decor - Golden Gate!,4037393,Cindi,,Marina,37.80340043,-122.4400739,Private room,225,2,13,10/15/2017,0.41,1,360
10592263,Pacific Heights Super Bowl Stay!,5179076,Katie,,Marina,37.79696297,-122.4334125,Entire home/apt,200,1,0,,,1,0
15251932,Sunny 3BR with garage on SF's liveliest block,6618742,Isabelle,,Marina,37.79970074,-122.436685,Entire home/apt,420,2,88,3/23/2018,4.9,1,49
1360756,Large 1 bedroom in the Marina!,7386820,Pam,,Marina,37.79692823,-122.4366986,Entire home/apt,200,4,17,3/1/2018,0.57,1,155
2233416,MODERN SUNNY 1BED AMAZING MARINA LOCATION!!,11166407,Melise,,Marina,37.80152176,-122.431126,Entire home/apt,165,30,19,3/1/2018,0.37,2,365
3475515,Beautiful 2BR on Union St/Marina,13832870,International,,Marina,37.79640445,-122.4355869,Entire home/apt,192,30,3,10/24/2015,0.07,5,365
3519611,"Simply the City's Best Location, live like a local",17721826,Manuel R,,Marina,37.80116547,-122.4413489,Entire home/apt,600,4,9,1/1/2018,0.2,1,51
12614397,"Modern Luxury Condo with Botanical Garden, Parking",18756929,Kazukiyo,,Marina,37.79895428,-122.4436338,Entire home/apt,345,2,7,1/12/2018,0.77,1,0
4022990,Hotel Pac Hgts 2 Bed Free Car ParkB,20850212,Young,,Marina,37.7974421,-122.4253537,Entire home/apt,129,1,179,3/9/2018,4.26,15,194
4892016,3 Bed Pac Heights:Free Car PrkingA,20850212,Young,,Marina,37.79746865,-122.4251056,Entire home/apt,169,1,86,3/20/2018,2.2,15,131
4242823,Stylish Modern Large Condo 3bed/2,21083116,Kim,,Marina,37.79920574,-122.4325484,Entire home/apt,525,7,13,2/11/2018,0.32,1,283
4654737,"BEST LOCATION, w/ Garage - 2 Bedroom Marina Flat",22951039,Dmitriy & Nidhi,,Marina,37.80097733,-122.4390813,Entire home/apt,349,30,85,2/21/2018,2.13,1,44
5631995,Private Room-Vintage Style Marina,29190058,Anne,,Marina,37.80122974,-122.4319851,Private room,139,1,55,3/12/2018,1.56,1,211
13512384,",",36217160,Timmy,,Marina,37.80207602,-122.438011,Shared room,297,30,65,2/15/2018,3.32,1,142
16859066,Marina Gem! - Large 1bed/1bath,46103609,Erin,,Marina,37.80546527,-122.4460109,Entire home/apt,299,2,15,9/25/2017,1.09,1,39
23805445,Grand Marina Waterfront Home,53614586,Erin,,Marina,37.80658321,-122.4364937,Entire home/apt,1285,4,1,4/1/2018,1,2,30
17925808,Mi casa tu casa BY THE BAY,122392376,Liliana,,Marina,37.80087495,-122.425199,Private room,80,2,48,3/26/2018,3.89,1,82
2198399,Roomy 1BR in Mission Victorian,10135,Jason,,Mission,37.76514597,-122.4160758,Private room,99,1,251,3/25/2018,4.97,5,6
2183138,4BR Mission Victorian House,10135,Jason,,Mission,37.76740964,-122.4146633,Entire home/apt,450,2,34,2/18/2018,0.66,5,0
856123,Mission Penthouse Master Suite,16382,Mark,,Mission,37.7622065,-122.4198954,Private room,155,4,47,3/31/2018,0.84,2,155
4987668,Petite room in my Mission Penthouse,16382,Mark,,Mission,37.76034674,-122.4194064,Private room,121,1,31,3/17/2018,0.84,2,97
5196399,Bunk bed in the Treat Street Clubhouse,23278,Zain And Duncan,,Mission,37.7568687,-122.4146032,Shared room,55,2,165,3/21/2018,4.26,8,47
8763529,Bunk bed in the Treat Street Clubhouse,23278,Zain And Duncan,,Mission,37.7578929,-122.4131698,Shared room,55,2,115,3/19/2018,3.85,8,43
15346313,Modern 3 br eco smart home in the heart of Mission,24910,Maria,,Mission,37.75646678,-122.4164391,Entire home/apt,400,4,25,3/27/2018,1.39,1,18
10251,Victorian Suite in Inner Mission,35199,Roman & Sarah,,Mission,37.75874295,-122.413272,Entire home/apt,265,3,277,3/18/2018,2.65,1,244
14125,Gallery Residence,55475,Olivia,,Mission,37.7549067,-122.422455,Entire home/apt,215,3,84,3/15/2018,0.84,1,293
19040,Mission Garden Retreat,72731,David,,Mission,37.76348967,-122.415174,Private room,188,5,216,3/25/2018,2.19,1,1
23540,Modern in-Law Unit in the Happening,92400,Daniel & Svetlana,,Mission,37.75065033,-122.4198382,Entire home/apt,225,1,78,3/8/2018,0.8,1,123
187730,Bohemian Rhapsody in the Mission,142882,Jessica And Sebouh,,Mission,37.75756728,-122.4193947,Private room,75,3,82,3/18/2018,1.01,4,309
22752011,Spacious 3-bedroom Victorian in the Mission,158983,Aurelien,,Mission,37.75725567,-122.408661,Entire home/apt,350,3,1,3/10/2018,1,1,0
8320714,SF Mission Victorian,169443,Deidre,,Mission,37.75908585,-122.4212102,Entire home/apt,200,1,4,3/29/2018,2.79,2,306
42454,"Sunny, quiet Mission District Flat",177664,Gerard,,Mission,37.75117094,-122.4132586,Entire home/apt,93,5,8,2/19/2018,0.1,1,24
20642094,"Mission Apartment in art alley, steps from BART",190612,David,,Mission,37.75153592,-122.4173212,Entire home/apt,143,1,20,4/2/2018,2.76,1,0
9921369,Cute in Mission Dist Victorian,268433,Terra,,Mission,37.75206557,-122.4220245,Private room,49,4,22,12/26/2017,0.8,1,0
7896925,Charming Condo with Garden Patio,271932,Elaina,,Mission,37.75667168,-122.4105251,Entire home/apt,148,3,4,1/2/2018,0.13,1,1
9925099,Bright & spacious 2BR Mission flat,280871,Melanie,,Mission,37.75878592,-122.4077606,Entire home/apt,250,3,3,9/3/2017,0.15,1,14
68239,Beautiful 1bdr apt by Dolores Park in Mission,337833,Felipe,,Mission,37.75425726,-122.4238661,Entire home/apt,326,31,34,1/12/2018,0.4,1,311
1584021,"Unwind with a BBQ at a Cozy, Stylish Mission Home",339788,Brett,,Mission,37.76662641,-122.4201955,Entire home/apt,395,30,117,3/30/2018,2.09,1,226
20818360,Entire 3 level loft in Sunny Mission district,456552,Santiago,,Mission,37.75832666,-122.4133006,Entire home/apt,214,3,1,10/24/2017,0.18,2,0
1550913,Modern townhouse a block from BART!,497158,Seth And Alexa,,Mission,37.75241542,-122.4195749,Entire home/apt,199,5,103,3/16/2018,1.84,1,32
17588923,Top Floor Mission Dolores Private Bedroom,551394,Josh,,Mission,37.76832743,-122.4250571,Private room,115,1,40,4/4/2018,3.3,4,65
4342334,Modern Designer Condo near Dolores Park,564778,Archna,,Mission,37.75976362,-122.4233693,Entire home/apt,285,5,5,8/13/2017,0.12,1,17
9010937,Zen sanctuary in the Mission,645093,Fiona,,Mission,37.75244679,-122.4070564,Entire home/apt,251,2,28,1/28/2018,0.96,1,4
138592,Modern Architectural Gem - 4 Bdrm,648553,Julie & Brad,,Mission,37.75557545,-122.4247407,Entire home/apt,1200,5,19,8/14/2017,0.24,3,306
212297,"Modern, bright, sexy Mission flat",681462,Jennifer,,Mission,37.7674576,-122.4232362,Private room,120,3,128,2/28/2018,1.83,1,128
276072,Bright rm/Mission (w/pinball),738203,Gene X,,Mission,37.76833113,-122.4259199,Private room,95,2,33,3/14/2018,0.48,1,41
9924449,Mission Sanctuary | Apartment 2BR,744614,Michel,,Mission,37.75584484,-122.4087695,Entire home/apt,165,2,14,1/1/2018,0.5,2,22
8066789,1Br-4Br/2Ba Apt in Heart of Mission,1291401,Nikhil,,Mission,37.76264405,-122.4208167,Private room,3200,1125,2,10/8/2016,0.06,1,0
13280672,Classic Victorian room in Mission Dolores,1346550,Zack,,Mission,37.76384442,-122.4247954,Private room,96,4,31,8/28/2017,1.5,1,0
18504951,Beautiful Home in Heart of Mission Foodie Mecca,1357017,Catherine,,Mission,37.75992734,-122.4255549,Entire home/apt,480,1,0,,,1,17
3534282,Valencia Corridor - Master Bedroom,1393654,Gary,,Mission,37.7620613,-122.4220074,Private room,119,3,82,3/31/2018,1.82,1,52
24022017,Private Studio in the Mission,1572034,Neil,,Mission,37.75623165,-122.4122247,Private room,180,3,0,,,2,325
1807012,The Green Room – with private bath!,1574663,Val,,Mission,37.75008135,-122.4184093,Private room,140,5,22,3/25/2018,0.56,2,1
14074818,25th/Shotwell Mission District Flat,1587835,Leah,,Mission,37.75078037,-122.4151974,Entire home/apt,250,3,3,6/25/2017,0.2,1,0
6911587,Convenient and Comfy Mission Pad,1661839,Todd,,Mission,37.76489654,-122.4213953,Private room,110,2,38,3/25/2018,1.22,1,39
592883,Master BEDROOM,1776403,Ken,,Mission,37.75731078,-122.4095373,Private room,82,1,22,4/4/2018,0.37,3,131
16910795,"Large, Clean Room in Edwardian Mission Flat",1819112,Beverly,,Mission,37.74956754,-122.4076155,Private room,85,5,13,3/25/2018,1.05,3,281
380454,Private entrance to STUDIO in CENTER of SF,1908798,Tal,,Mission,37.77051518,-122.4223933,Entire home/apt,90,1,15,3/24/2018,5.23,3,31
430692,Sunny Room w/ Private Sink,2001297,Urs,,Mission,37.75905539,-122.4076108,Private room,80,31,10,3/29/2018,0.38,6,244
937842,Casa Quixote Mission flat w/parking,2488180,Amadis And Martha,,Mission,37.75991139,-122.4106486,Entire home/apt,245,1,155,4/1/2018,2.54,1,44
3096080,Sunny Top Floor Edwardian Flat!,2683647,Steven And Jackie,,Mission,37.75706938,-122.4228711,Entire home/apt,210,4,29,11/26/2017,0.62,1,109
909063,"Private Rm, Mission Dist, 1907 Bldg",2874279,Rafael And Mark,,Mission,37.76605143,-122.4206619,Private room,93,4,188,3/27/2018,2.99,1,197
587375,"Heart of Mission-Modern/Bright/Unique Street, 2bd",2896645,Cameron,,Mission,37.76156689,-122.4218623,Entire home/apt,315,30,48,3/14/2018,0.69,1,252
24045402,"Modern apt, jaw-dropping views, fantastic location",2949919,Jesse,,Mission,37.76869019,-122.4229171,Entire home/apt,200,1,0,,,2,8
11784111,Refurbished 1-bedroom apartment in the Mission,3094541,Mathieu,,Mission,37.75788013,-122.4070423,Entire home/apt,175,3,26,3/31/2018,2.44,1,0
5821380,Mission Flat 2 - 3  bdrs: Ask about shorter stays,3131531,Monica,,Mission,37.75785801,-122.4177764,Entire home/apt,350,30,100,1/29/2018,3.02,1,299
23257392,"Master Bed, ensuite bath. Heart of the Mission.",3191493,Anthony,,Mission,37.7574646,-122.4130888,Private room,122,2,2,3/23/2018,2,2,14
23353650,Cozy room in the sunny Mission District,3240477,Rick,,Mission,37.75285694,-122.4083992,Private room,60,2,4,3/10/2018,2.55,2,49
10638522,High Ceiling Victorian/Modern Touch,3334443,Jeremy & Alison,,Mission,37.75319372,-122.4160625,Entire home/apt,153,4,9,1/1/2018,0.47,2,0
664315,Home in the Heart of the Mission,3355966,Geoff,,Mission,37.7531555,-122.4212498,Entire home/apt,300,7,4,12/30/2015,0.07,2,136
10745423,Mid-Century Modern 1 Bedroom Condo,3383765,Andie,,Mission,37.75617918,-122.4059861,Entire home/apt,200,3,17,3/27/2018,0.68,1,0
1995487,Loft Suite in Victorian House with Private Deck,3485395,Michael,,Mission,37.75993537,-122.4213772,Private room,250,1,436,4/3/2018,8.26,2,30
18350373,Large Queen Bedroom in 2bed/2bath,3839305,Michael,,Mission,37.7581721,-122.4163871,Private room,150,1,2,12/21/2017,0.25,3,127
18507365,Artistic Mission Garden Suite with hot tub,3866027,Corrie & Ed,,Mission,37.76378103,-122.4203278,Entire home/apt,185,1,28,4/1/2018,5.49,1,56
8701367,Victorian Apartment in the Heart of the Mission,3894624,Allyson,,Mission,37.75041771,-122.415119,Entire home/apt,176,4,15,3/18/2018,0.67,1,6
774323,Private bath+ Hike/Bike/TransitScore97+,4085271,Jan,,Mission,37.76022146,-122.425508,Private room,140,2,307,4/1/2018,4.76,2,52
779109,Private Mission Rm w/ Modern Design,4091830,Daniel,,Mission,37.75029025,-122.4215714,Private room,160,1,110,3/25/2018,3.13,3,173
4175174,Charming apartment in the Mission,4274771,Abigail,,Mission,37.76054862,-122.4256784,Entire home/apt,250,3,10,1/2/2018,0.29,1,96
15397120,"Modern Apartment, Lux Amenities in the Mission",4372306,Nicole,,Mission,37.76028372,-122.4209333,Entire home/apt,250,2,9,11/10/2017,0.54,1,0
2927781,"great modern space, great location!",4562696,Charles & René,,Mission,37.76715056,-122.4175619,Private room,189,2,114,3/30/2018,2.39,2,332
14341440,"Heart of Mission - 2 bdrm, 1 bath - baby Victorian",5400272,Pamela,,Mission,37.75270431,-122.411517,Entire home/apt,242,4,83,4/4/2018,4.21,1,95
21306276,2 Beautiful Bedrooms with Private Bathroom,5400914,Bar,,Mission,37.74949948,-122.4119197,Private room,170,2,6,3/17/2018,1.76,4,2
1045685,Bernal/Mission View House,5756037,Ben,,Mission,37.75078354,-122.414747,Entire home/apt,75,7,29,1/1/2017,0.48,1,0
2686530,Sunny Mission 1890 Victorian Flat near Bart,6414607,Jeana,,Mission,37.75332068,-122.4179929,Private room,118,7,42,1/28/2018,0.87,2,331
18843545,Amazing Mission Home Steps Away from Dolores Park,6597986,Kyle,,Mission,37.76014181,-122.4216335,Entire home/apt,229,2,14,2/19/2018,1.36,2,0
15734872,Spacious Oasis in Vibrant Mission,6664188,Lindy,,Mission,37.75129969,-122.4112113,Private room,119,1,14,7/3/2017,0.95,2,0
7342996,Mission/Noe Valley Painted Lady/Katz House Rm 1of3,7212456,Jack & Christina,,Mission,37.75122573,-122.4236679,Private room,210,3,18,3/28/2018,0.58,3,358
8030646,Quiet & Roomy Mission Bed + Bath + Private Yard,7231087,Graham,,Mission,37.75031713,-122.4166774,Private room,99,1,165,3/19/2018,5.35,4,232
15649758,"Cozy, Quiet Bedroom in Lovely Mission Home",8566948,Meg,,Mission,37.7501392,-122.4096422,Private room,59,5,5,9/2/2017,0.3,1,0
1692470,Private Entrance & En-suite Bathroom,8940441,Karen,,Mission,37.76010979,-122.4236328,Private room,150,2,313,3/18/2018,5.67,1,5
1733056,Tasteful flat in great neighborhood,9130610,Mark,,Mission,37.75724979,-122.4100377,Entire home/apt,290,4,13,12/30/2017,0.29,2,25
14139656,Spacious Light-Filled Beauty Near Dolores Park,9151990,Roxy,,Mission,37.75939066,-122.4211674,Entire home/apt,540,2,29,3/18/2018,1.4,3,12
16351934,Queen bedroom in gorgeous bright Dolores luxury,9151990,Roxy,,Mission,37.76171887,-122.4234831,Private room,155,1,34,3/29/2018,2.26,3,19
7596529,"Modern Oasis, Heart of the Mission",9233155,Jonathan,,Mission,37.75123663,-122.4104629,Entire home/apt,550,3,15,3/4/2018,0.5,1,52
2319598,Wonderful Mission Dolores Flat.,9632192,Lynn,,Mission,37.75559219,-122.4227863,Entire home/apt,130,30,32,9/30/2017,0.69,3,253
4559621,Room steps from Valencia,9639039,Joseph,,Mission,37.76223192,-122.421022,Private room,30,30,128,3/8/2018,3.12,2,90
23922573,Cozy ground level condo!,9708817,Chadi,,Mission,37.75513036,-122.4067157,Entire home/apt,120,4,0,,,1,86
8420533,Special Offer Valencia Corridor,9838978,Connie,,Mission,37.75289542,-122.4220889,Private room,75,3,8,7/23/2017,0.76,3,0
23632116,Small Cozy Room for One,9838978,Connie,,Mission,37.75223707,-122.4224504,Private room,45,3,2,3/31/2018,2,3,61
1937575,Spacious Sunny 2BD Mission Jewel,10024887,Deborah,,Mission,37.75770488,-122.4084114,Private room,190,3,19,3/13/2018,0.36,2,0
4616040,Recent Remodeled Garden Studio Home,10162964,Shelley,,Mission,37.75900265,-122.4213177,Entire home/apt,149,30,9,11/3/2017,0.23,3,365
2466350,Inviting room in The Mission ,12611506,Charlie,,Mission,37.76699058,-122.4159713,Private room,60,30,41,2/28/2018,0.83,1,294
10832099,Stunning Dolores Park Home,12780961,Janel,,Mission,37.7605058,-122.423486,Entire home/apt,650,2,24,2/25/2018,0.92,1,171
21730569,Lovely Mission Flat available for Spring Break,13931341,Mark,,Mission,37.75505262,-122.4102581,Entire home/apt,101,6,0,,,1,5
8053481,Spacious 2BR/2BATH w/Shared Kitchen,14419919,David & Barbara,,Mission,37.75416621,-122.4215336,Entire home/apt,229,2,22,10/4/2017,0.71,1,0
2823227,"Sunny, Artsy Mission Retreat",14442698,Lee,,Mission,37.75327024,-122.4063559,Entire home/apt,195,3,31,3/31/2018,3.1,1,274
20573374,"Modernized Mission Edwardian, 2 fluffy queen beds",15028456,Jane,,Mission,37.74865763,-122.4187051,Entire home/apt,148,2,0,,,3,0
14635668,Spacious Noe Valley Garden Oasis,16854419,Zack,,Mission,37.74803429,-122.424576,Entire home/apt,219,6,2,10/18/2017,0.13,2,0
3384413,Heart of the Mission - Modern 2BD,17074573,Sarah,,Mission,37.76010961,-122.4185262,Entire home/apt,327,2,59,3/24/2018,1.34,1,11
10365512,21st Street,17309843,A,,Mission,37.75769932,-122.4200553,Entire home/apt,115,30,7,3/10/2018,0.96,2,214
24083593,Spacious Mission Dolores Apartment,17968214,David,,Mission,37.7690119,-122.4242795,Entire home/apt,325,3,0,,,2,3
3594786,Relax in a Room in a Beautiful Victorian Condominium,18110990,Insiya,,Mission,37.75932619,-122.4190707,Private room,225,2,59,3/23/2018,1.32,1,162
4533440,Comfortable Room in Artistic Condo,18818082,Antigone,,Mission,37.76862344,-122.4244366,Private room,100,3,90,3/24/2018,2.32,2,288
10000073,Private Modern Mission Getaway,19132222,Stephen,,Mission,37.76470293,-122.4221973,Entire home/apt,149,1,159,3/17/2018,5.71,1,29
7931074,Sunny Private One Bedroom Unit,21235706,Stephanie & Tom,,Mission,37.75076257,-122.4179731,Entire home/apt,185,30,36,12/7/2017,1.14,2,75
4106442,Cozy SF Mission Garden Apt with Private Patio,21269104,Samantha,,Mission,37.75451494,-122.4164968,Entire home/apt,146,3,132,3/25/2018,3.12,1,247
18250909,Mission District Oasis,23009880,Nancy,,Mission,37.75268497,-122.4231732,Entire home/apt,140,2,41,3/18/2018,3.59,1,68
4446003,Charming Private Entry Mission Studio with Garden,23073793,Sasha,,Mission,37.75488841,-122.4102091,Private room,175,2,18,1/13/2018,0.72,2,256
11225011,Modern Private Suite in the Mission,23309181,Michelle,,Mission,37.75246783,-122.4117295,Private room,135,3,86,4/3/2018,3.81,1,275
21909473,Modern Studio Noe Valley+Mission. Sweet location!,24529896,Phyllis,,Mission,37.75318885,-122.4250112,Entire home/apt,210,6,4,3/20/2018,1,1,271
5202735,Beautiful Victorian Flat in Mission,26859460,Eliana,,Mission,37.74994293,-122.4172164,Entire home/apt,189,3,95,4/4/2018,3.07,2,1
10523811,Mission Oasis in the Center of It All,35907591,Nicole,,Mission,37.75907107,-122.4202138,Entire home/apt,250,2,23,3/7/2018,1.35,1,5
6913294,Sunny Room in Beautiful Victorian,36229030,Benjamin,,Mission,37.75597989,-122.4152521,Private room,90,1,49,3/21/2018,1.44,1,60
7808104,"Quiet Mission 2br flat, close to nightlife & BART",41102404,Nat,,Mission,37.76191229,-122.4234471,Entire home/apt,220,2,10,1/15/2018,0.7,1,10
8499631,Bright Modern Mission Studio,44757566,Carolyn And Jacquelyn,,Mission,37.74854708,-122.4094113,Entire home/apt,270,2,72,3/30/2018,2.34,1,327
22834388,"Room in quirky, quiet hideaway in Noe / Mission",49716827,Mike,,Mission,37.7485053,-122.4245232,Private room,56,1,0,,,2,0
18196760,Heart of San Francisco,52442894,Lisa,,Mission,37.758529,-122.4090155,Entire home/apt,115,30,26,2/19/2018,2.58,2,135
18212843,Large Private triple Bed in Mission District,54515423,Elliot,,Mission,37.76875944,-122.4236014,Private room,72,1,16,3/18/2018,1.43,3,20
14671675,Spacious and Quiet Room in Heart of the Mission,61995035,Pete And Ivan,,Mission,37.76535305,-122.4168849,Private room,110,2,94,3/19/2018,4.79,3,337
18415936,Quiet Nook off of Valencia,69195521,Nicolas,,Mission,37.76321188,-122.4200806,Entire home/apt,200,30,73,3/13/2018,6.52,1,28
21189031,Sunny Studio Apartment with Private Deck,72810477,David,,Mission,37.7509696,-122.425032,Entire home/apt,149,2,5,2/23/2018,0.91,1,214
19933216,AMAZING MODERN 2BED FLAT WITH PRIVATE DECK,83929576,Johnny,,Mission,37.76398035,-122.4238301,Entire home/apt,400,3,20,3/29/2018,2.96,1,38
14896984,Gorgeous 3BR/3BA House in Mission District,93497404,Elizabeth,,Mission,37.75241456,-122.4112612,Entire home/apt,350,30,12,10/31/2017,0.64,1,0
14948905,Liberty Hill View Home with Parking,93929155,Bob And Joanne,,Mission,37.75805135,-122.4225549,Entire home/apt,450,3,57,3/30/2018,3.7,1,9
17097361,Private suite in the heart of Mission Dolores!,114734955,Simran,,Mission,37.76557474,-122.426239,Entire home/apt,125,5,36,3/22/2018,2.69,1,40
19413966,Modern Living in a Fantastic Location,120435565,Brian & Angela,,Mission,37.7522823,-122.4113739,Private room,89,1,44,3/30/2018,4.78,3,296
18737830,Private 4-room Mission suite FREE CLEANING,130349538,Owen,,Mission,37.75566986,-122.4169462,Entire home/apt,200,2,52,3/28/2018,5.65,1,54
20233643,Two Cozy Beds in the Sunny Mission,144166330,Miriam,,Mission,37.75256223,-122.4135028,Private room,86,3,3,11/28/2017,0.46,1,0
21366873,"Sunny, Art Deco Flat in the Mission with Parking",144328857,Jennifer,,Mission,37.75029678,-122.4105482,Entire home/apt,210,2,11,3/31/2018,1.98,1,1
23704265,CHARMING ROOM WITH WALL MURALS,150288710,Murat,,Mission,37.7510104,-122.4097027,Private room,120,2,0,,,4,43
21866860,"Private In-Law, Bath & Entry in Noe Valley/Mission",159507011,Paula,,Mission,37.7509053,-122.423275,Entire home/apt,99,2,5,4/5/2018,5,1,3
22191252,5br 3ba Single Family Home & Studio w/ UNIQUE Yard,162097421,Emily,,Mission,37.74993508,-122.4152119,Entire home/apt,590,4,0,,,1,34
23964717,Brand New 2 Bedroom Each w/Bath In Quiet Back Unit,180217934,Nicholas,,Mission,37.75037173,-122.4125526,Entire home/apt,199,3,0,,,1,67
41609,Spacious Quiet SF Downtown Retreat,54299,Peter,,Nob Hill,37.79001329,-122.412916,Entire home/apt,170,30,12,1/9/2018,0.13,1,278
52713,Nob Hill room with a great view,244235,Michael,,Nob Hill,37.79666781,-122.4127171,Private room,99,30,164,9/9/2017,1.79,1,115
7930685,Elle Decor Featured Row House,1518689,Kurt & Abby,,Nob Hill,37.79466475,-122.4115166,Entire home/apt,250,3,28,3/12/2018,1.1,1,7
20852769,Nob Hill Charm,3074770,Monica,,Nob Hill,37.79645184,-122.412079,Entire home/apt,200,2,21,3/10/2018,3.09,1,95
19597812,Nob Hill Getaway With A View,3230785,Jonathan,,Nob Hill,37.79282286,-122.4125282,Private room,100,2,46,4/1/2018,5.21,1,52
1007157,Rent Russian Hill ,5539889,Danny,,Nob Hill,37.79590277,-122.4181289,Entire home/apt,265,30,87,11/24/2017,1.46,1,293
7562345,"Amazing Location, epic spot!!!",12940234,Roy,,Nob Hill,37.79346402,-122.4209466,Private room,145,3,29,3/22/2018,0.9,1,85
6132191,"Luxurious, Modern, Views, Nob Hill",13499994,Nick,,Nob Hill,37.7963249,-122.4119068,Entire home/apt,499,1,26,11/5/2017,0.82,2,65
4965866,Nob Hill Garden Studio with Sundeck,21694486,Sanjay,,Nob Hill,37.79329612,-122.414628,Entire home/apt,156,3,85,3/26/2018,2.18,1,16
23821738,LUXURY 2 Bedroom Presidential Suite in San Fran!,26482762,ResortShare1,,Nob Hill,37.79379763,-122.4203053,Private room,390,2,0,,,17,232
20888699,Plush New Room in the Heart of Nob Hill Near FiDi!,27368404,Eddie,,Nob Hill,37.79645298,-122.4109173,Private room,69,2,15,2/3/2018,2.45,4,0
20828968,Spacious 2BDR in Heart of SF,37070223,Fred,,Nob Hill,37.79139922,-122.4120459,Entire home/apt,300,2,13,3/11/2018,1.92,2,306
19450967,Near Museums | Theater District | Union Square,67373986,Resort,,Nob Hill,37.78966273,-122.4131534,Entire home/apt,234,4,1,11/9/2017,0.2,7,265
14058613,Spacious 1 BR - Central Location!,84370701,Elena,,Nob Hill,37.78942245,-122.416493,Entire home/apt,110,30,27,4/1/2018,1.3,1,64
23858225,At the heart of SFO. Great view of the city.,101269358,Glenda Diana,,Nob Hill,37.79029665,-122.4200134,Entire home/apt,74,2,1,3/19/2018,1,1,144
15344978,Large Room in Noe/Mission 1br w/private entrance,470,Josh,,Noe Valley,37.75071164,-122.4252127,Private room,68,100000000,8,11/6/2017,0.45,1,0
4949779,Gorgeous room w/SF city & bay views,96655,Maryam,,Noe Valley,37.75249636,-122.441932,Private room,125,60,44,2/27/2018,1.18,2,257
6885422,Lovely bright home in best location,335127,Irene,,Noe Valley,37.75209135,-122.4260511,Entire home/apt,390,2,18,3/24/2018,0.58,4,16
1001415,Modern Hideaway,648553,Julie & Brad,,Noe Valley,37.75632347,-122.4266735,Entire home/apt,275,3,36,8/9/2017,0.63,3,297
231752,Vintage Modern garden apartment,691445,LeighAnna,,Noe Valley,37.75564727,-122.4402179,Entire home/apt,250,30,72,3/10/2018,0.93,1,358
9974744,Gorgeous 3bd Victorian in Mission/Noe with Garden,733751,Julie,,Noe Valley,37.75370216,-122.4275947,Entire home/apt,340,30,25,11/3/2017,1,1,212
6800168,Bright Spacious Noe Valley Flat,767091,Cristian,,Noe Valley,37.75202097,-122.4256869,Entire home/apt,190,3,9,7/26/2017,0.27,1,0
207980,"3 Bdrm City View Home w/Parking, deck,",1023546,Bruce,,Noe Valley,37.74445892,-122.4377567,Entire home/apt,295,2,279,3/21/2018,9.95,1,199
10578137,2+ BR  Home in Noe Valley - for 5,1097396,Danna,,Noe Valley,37.75282085,-122.438,Entire home/apt,300,4,14,11/6/2017,1.3,3,44
1740537,Gorgeous Dolores Garden Apartment,1360869,Joanne,,Noe Valley,37.75538041,-122.426547,Entire home/apt,165,30,100,12/8/2017,1.84,1,279
9476010,Modern Noe Home w/Stunning Views,1577584,Lauren & Mitch,,Noe Valley,37.74920071,-122.4406443,Entire home/apt,650,2,20,1/1/2018,0.7,3,0
9476849,1BR - Modern Stunning-View Noe Home,1577584,Lauren & Mitch,,Noe Valley,37.75077637,-122.4427036,Private room,138,1,12,9/23/2016,0.41,3,0
2771128,"Noe View Studio, Lux Bath & Garden!",1833153,Stephanie,,Noe Valley,37.75096072,-122.4311234,Entire home/apt,220,3,115,3/17/2018,2.41,1,142
666620,Modern home in sunny Noe Valley,1841167,Buck,,Noe Valley,37.75167337,-122.4318527,Entire home/apt,445,3,42,4/4/2018,1.03,2,352
9844630,Large room w. pvt balcony & ensuite,1902653,Justin,,Noe Valley,37.75297328,-122.4355783,Private room,135,30,1,3/17/2016,0.04,1,0
1803219,1907 Victorian in Cool Neighborhood,3228078,Marla,,Noe Valley,37.75288389,-122.4281735,Private room,125,1,60,11/13/2017,1.19,3,269
10545518,Monthly Modern-Spacious-Remodeled Open Plan Home,3302398,Karen,,Noe Valley,37.75006626,-122.4392544,Entire home/apt,899,3,15,2/18/2018,1.12,1,150
12041358,Beautiful Victorian : Bed/Bath,3588642,Ambrish,,Noe Valley,37.75355799,-122.4422298,Private room,109,21,6,10/4/2017,0.25,2,303
23255383,Quiet and private room in the heart of Noe Valley,3596929,Paul,,Noe Valley,37.75202145,-122.4360264,Private room,150,3,0,,,1,162
728585,Clipper Street Cottage,3780377,Doug,,Noe Valley,37.74935445,-122.4353184,Private room,139,3,189,3/24/2018,2.83,1,321
2482884,Lovely Room in Noe Valley Victorian,4745702,Morgan,,Noe Valley,37.74497082,-122.4287632,Private room,80,1,18,4/3/2018,0.4,1,310
14619235,Charming 2BR Noe Valley Home with Lovely Garden,5043788,Irene,,Noe Valley,37.74788547,-122.4386613,Entire home/apt,310,3,27,4/5/2018,2.01,1,24
19912173,Sunny Victorian in the Heart of Noe Valley,5062811,Mira,,Noe Valley,37.74986052,-122.4292495,Entire home/apt,277,2,10,4/2/2018,1.59,2,40
15759935,Noe Valley Convenience and Backyard Charm,5466655,Nick,,Noe Valley,37.75107375,-122.4352003,Entire home/apt,274,2,19,4/1/2018,2.81,2,63
1031899,Fabulous Charming & Sunny S.F Apt.,5678214,Glenn,,Noe Valley,37.74832888,-122.4262077,Entire home/apt,117,30,5,3/24/2016,0.09,1,341
10410858,"Modern Condo, Spectacular Kitchen",6327604,Maya,,Noe Valley,37.75558125,-122.4268563,Entire home/apt,480,3,28,3/11/2018,1.13,1,5
1203849,Modern Flat in Noe Valley,6575901,Julia/John,,Noe Valley,37.75339556,-122.4301098,Entire home/apt,250,4,3,1/17/2016,0.05,1,177
6523507,Hand Crafted Cottage,6777981,Sebastian,,Noe Valley,37.74744439,-122.4357351,Entire home/apt,265,4,45,4/1/2018,1.38,1,349
24116174,Noe Valley Charm with Yard near Transportation,6858456,Landon,,Noe Valley,37.75348033,-122.4265762,Entire home/apt,450,3,0,,,1,24
6522477,Mission/Noe Valley Painted Lady/Katz House Rm 3of3,7212456,Jack & Christina,,Noe Valley,37.74937843,-122.4257571,Private room,300,3,1,9/21/2016,0.05,3,365
15150709,Zen Captured Noe Valley House,7728783,Cynthia,,Noe Valley,37.74489588,-122.430665,Entire home/apt,350,3,18,3/21/2018,0.96,2,345
15166399,"Spacious Charming Guest Suite, Noe Valley",8541411,Vidhu,,Noe Valley,37.75392829,-122.4368292,Entire home/apt,165,2,11,11/9/2017,0.61,2,13
14917006,Large Noe Valley Apt. with Luscious Garden,8656762,Glenda & Steve,,Noe Valley,37.74433634,-122.4356252,Entire home/apt,135,2,108,3/29/2018,5.68,1,23
21880724,Beautiful 2 Bedroom Upgraded Unit in Noe Valley,8811880,Matthew,,Noe Valley,37.74987486,-122.4272506,Entire home/apt,180,5,4,3/26/2018,1.12,2,0
1815551,Lovely apartment in Noe Valley!,9509470,Sarah,,Noe Valley,37.75044878,-122.4278526,Entire home/apt,250,1,186,3/30/2018,3.47,1,277
1906323,"Panoramic Views in a Breezy, Modern House in Exclusive Dolores Heights",9754790,Debra,,Noe Valley,37.75205621,-122.4300922,Entire home/apt,750,7,18,1/1/2018,0.39,1,9
1992217,Sweeping Views and Dolores Park Pad,10271221,Peter,,Noe Valley,37.75618986,-122.4288093,Private room,129,2,238,3/20/2018,4.54,1,264
2178503,Cozy studio in Noe Valley,11111510,Michelle,,Noe Valley,37.74594358,-122.4305433,Entire home/apt,155,2,111,3/23/2018,2.29,1,271
19180222,"Gorgeous private room w/ balcony, garden & garage",13006552,Andrija,,Noe Valley,37.7474755,-122.4324501,Private room,99,2,26,4/3/2018,3.42,1,50
20478011,Spectacular Noe Valley home,15284484,Lochlann,,Noe Valley,37.74855624,-122.4386618,Entire home/apt,299,1,15,4/1/2018,2.24,2,229
6348742,Charming & spacious Apt in heart of Noe Valley,17187571,Lloyd,,Noe Valley,37.75326232,-122.43598,Entire home/apt,265,3,73,3/23/2018,2.14,1,173
19265072,An Edwardian Home with a Lush Green Garden,17506355,Won Chan (원찬),,Noe Valley,37.74984778,-122.4320015,Private room,85,2,31,4/2/2018,3.24,3,54
10885556,San Francisco apartment w/ view - NoeValley/Castro,17933780,Anthony,,Noe Valley,37.74670225,-122.4357922,Private room,150,1,15,6/2/2017,0.57,1,0
4463165,"Master Victorian Suite w/Private Bath, Noe Valley",18151037,Valerie,,Noe Valley,37.75147456,-122.4349273,Private room,155,2,46,2/2/2018,1.13,9,276
6887081,Collingwood Hill,18197171,Tyson,,Noe Valley,37.75544179,-122.435235,Entire home/apt,350,3,46,2/25/2018,1.38,1,16
21249414,1 bed 1 bath Cozy apartment in good neighborhood,20900027,Noe,,Noe Valley,37.75214824,-122.4372432,Entire home/apt,115,30,4,12/28/2017,0.75,2,365
4359626,Lovely view suite with parking.,22630933,Joh (Website hidden by Airbnb) An (Website hidden by Airbnb) Jo A,,Noe Valley,37.75377956,-122.436978,Entire home/apt,155,4,22,4/2/2018,0.54,1,192
18088837,Great location and amazing views of San Francisco,27832182,Dina,,Noe Valley,37.74961841,-122.443007,Entire home/apt,300,5,2,1/6/2018,0.24,1,0
19502548,Cozy Church Street Home,30986871,Ann,,Noe Valley,37.75230113,-122.4266998,Entire home/apt,151,30,5,11/10/2017,0.7,1,358
6764924,Beautiful Victorian in Sunny Noe Valley,35415458,Katherine,,Noe Valley,37.74243715,-122.424268,Entire home/apt,250,2,14,8/12/2017,0.42,1,0
6957662,"Modern, private separate suite & garden.",36481063,Gary,,Noe Valley,37.74858342,-122.4358235,Entire home/apt,225,5,60,3/9/2018,1.78,1,218
8310864,Charming garden studio,43637656,Carlos,,Noe Valley,37.75508965,-122.4364699,Entire home/apt,193,1,37,4/3/2018,1.22,1,350
12026845,Garden Bedroom,48905746,Maria,,Noe Valley,37.74494676,-122.4299192,Private room,105,1,133,3/23/2018,6.54,4,17
10981310,Large house with space to share!,50459001,Maggie,,Noe Valley,37.75580813,-122.433057,Private room,100,3,28,1/1/2018,1.11,1,218
10451690,"Top Floor, Bottom Price,  in the Heart of Noe",53845888,Jack,,Noe Valley,37.74331675,-122.4252585,Entire home/apt,160,180,5,1/14/2017,0.2,2,0
15220043,"Lovely Home, Great Noe Valley/Castro Locale for 5",64579077,Stephen,,Noe Valley,37.75419728,-122.4402916,Entire home/apt,250,3,23,3/30/2018,1.49,1,59
17624771,Home Suite Home for 6,119843344,Jane,,Noe Valley,37.74590391,-122.4401568,Entire home/apt,299,30,49,3/18/2018,4.01,1,65
17937634,"Pet-friendly, Boutique Noe Valley Apt. Garden View",123028266,Greg,,Noe Valley,37.74559821,-122.4287434,Private room,245,2,13,2/24/2018,1.07,1,320
18242785,Noe Valley Gorgeous view great comfort,126046148,Linda,,Noe Valley,37.75358464,-122.4412609,Entire home/apt,299,1,23,3/17/2018,2.65,1,133
21594481,3BR/2BA Noe Valley View Home,157046881,Dawn,,Noe Valley,37.75248021,-122.4358077,Entire home/apt,750,3,3,3/15/2018,1.38,1,29
23922318,Spacious and Airy Family Home in Noe Valley,179793629,Amy,,Noe Valley,37.74289515,-122.4289542,Entire home/apt,350,2,0,,,1,21
60659,Lovely Flat on Telegraph Hill,292491,Margie,,North Beach,37.80240771,-122.4092535,Private room,150,2,161,3/21/2018,1.84,2,6
180212,2 Story Bay Views Penthouse -Top of Telegraph Hill,863351,Greg,,North Beach,37.80269686,-122.4106114,Entire home/apt,750,3,13,12/31/2017,0.23,1,0
2657854,HISTORIC NORTH BEACH VIEW STUDIO,1642684,Tom,,North Beach,37.80229366,-122.4051339,Entire home/apt,133,30,5,3/6/2016,0.12,1,330
11584043,Perfect Business or Vacation Home/Top 5 Location,3054821,Nidia,,North Beach,37.79923316,-122.405415,Entire home/apt,298,31,37,2/28/2018,1.48,2,340
6344500,Luxury Condo in Heart of SF + Roof Deck & Views,5051753,Gautam,,North Beach,37.79900045,-122.4066805,Entire home/apt,250,1,16,4/1/2018,2.61,1,76
10105584,Charming with Incredible View,5101541,Jon,,North Beach,37.80516467,-122.4086683,Entire home/apt,450,4,7,9/22/2017,0.27,1,0
21459964,Telegraph Hill/North Beach Condo Excellent Views,6796236,Julia,,North Beach,37.80152866,-122.4084713,Private room,140,1,3,3/22/2018,1.36,1,51
15733592,Walk to Work! Beautiful 1BR Apt in North Beach,8870869,Dave,,North Beach,37.80214195,-122.4090156,Entire home/apt,160,30,24,1/26/2018,1.48,2,166
16134193,Quiet North Beach apartment near all of the action,20257472,Martin,,North Beach,37.80142379,-122.4078824,Entire home/apt,270,30,47,3/23/2018,2.97,1,62
21294387,Luxury Room with Ensuite Bath: Near FiDi & Pier39,21520407,Neal & Illina,,North Beach,37.80445874,-122.4029807,Private room,180,1,29,4/1/2018,5.72,2,35
4519757,Dorm Beds at Social SF Hostel #3,22931450,Sarah,,North Beach,37.79893943,-122.4059606,Shared room,38,1,161,4/1/2018,3.88,22,232
4897143,Dorm Beds @ Social SF Hostel #7,22931450,Sarah,,North Beach,37.79926264,-122.4043223,Shared room,38,1,117,3/31/2018,2.95,22,227
7343277,Dorm Beds @ Social SF Hostel,22931450,Sarah,,North Beach,37.79909017,-122.4063149,Shared room,38,1,67,3/31/2018,2.38,22,226
9497588,Triple Room @ Fun & Social Hostel#2,22931450,Sarah,,North Beach,37.79913609,-122.4044363,Private room,99,1,50,3/13/2018,1.82,22,225
4607177,Light-Filled Haven in Prime Location!,23871959,Lindsay,,North Beach,37.80154019,-122.4048102,Entire home/apt,215,30,137,3/3/2018,3.48,1,172
7923146,Sunny 2b/1b with great Bay views!!!,41781093,Virginia,,North Beach,37.80334234,-122.4080068,Entire home/apt,395,2,54,3/30/2018,1.76,2,186
14697748,Newly Furnished & Remodel North Beach SF Apartment,91402307,Kelvin,,North Beach,37.80278336,-122.4094443,Entire home/apt,268,30,23,1/5/2017,1.19,1,363
22016641,Big 3bd/1ba Heart of North Beach with Parking,155804679,Bernard,,North Beach,37.80441311,-122.4154315,Entire home/apt,500,5,5,3/7/2018,1.23,1,100
21517657,Clean and Comfortable North Beach Apartment,156365053,Sierra,,North Beach,37.80654535,-122.4163902,Entire home/apt,450,5,7,3/30/2018,1.94,1,268
21935870,Spacious Upscale Suite in Superb Location,160087266,Olivia & Dan,,North Beach,37.80212624,-122.408856,Entire home/apt,250,2,11,4/4/2018,5,1,212
4348890,Ingleside Hideaway,554628,Laura And Patrick,,Ocean View,37.71892806,-122.4491829,Entire home/apt,131,2,103,2/7/2018,2.51,1,312
1326577,Peaceful Quiet Cottage Apartment,1829037,Polly,,Ocean View,37.71968559,-122.4516255,Entire home/apt,125,30,216,3/15/2018,3.84,1,351
802559,"Bright, Cozy Cottage with Big Views",4224006,Christina,,Ocean View,37.71996772,-122.4508925,Entire home/apt,160,5,16,1/2/2018,0.25,1,0
1046482,Beautiful Family Home!,5674873,Jessica,,Ocean View,37.72095892,-122.4542383,Entire home/apt,300,2,6,2/18/2018,0.1,1,144
2374873,"1 bedroom home, walk to BART SFSU",9080666,Sandy,,Ocean View,37.72136915,-122.4487295,Entire home/apt,79,3,11,10/29/2017,0.25,9,113
11398231,Spacious Hilltop Suite + Ocean View,9176247,Yegor,,Ocean View,37.71650314,-122.4669416,Entire home/apt,120,1,170,3/16/2018,7.02,1,244
18489602,[2A] 2 Bedroom Private Flat near SF,22267913,Henry,,Ocean View,37.70636397,-122.4648437,Entire home/apt,190,3,6,1/1/2018,0.6,12,317
13883848,[3B] Private Bedroom with Shared Bathroom,22267913,Henry,,Ocean View,37.70597259,-122.4645888,Private room,85,1,13,3/4/2018,0.62,12,357
11163298,"Quiet, Relaxing House Close to BART Station",27292887,Valerie,,Ocean View,37.71967892,-122.4497284,Entire home/apt,220,30,58,2/11/2018,2.71,1,228
6944864,Top FLR-1 Bedroom Apt for your trip,32989761,Michelle,,Ocean View,37.70510044,-122.4684268,Entire home/apt,192,2,28,3/23/2018,0.85,1,311
21396964,"Private room & bath, convenient",49189395,Joseph,,Ocean View,37.71544072,-122.4620542,Private room,69,3,21,4/5/2018,3.99,1,62
12008385,Big Modern Private Master Suite,51507886,Eugene,,Ocean View,37.72467869,-122.4713079,Private room,89,3,57,3/22/2018,2.33,2,24
21849982,BEAUTIFUL DALY CITY HOME NEAR SF- FREE PARKING,52193319,Roy,,Ocean View,37.70668679,-122.4611466,Entire home/apt,165,2,28,4/4/2018,6.22,1,40
21161595,"Newly remodeled private, cozy 1bd/1ba In-Law Suite",67372974,Claudia,,Ocean View,37.71659976,-122.4513316,Entire home/apt,100,2,29,4/3/2018,5.84,1,18
13238956,Private Room#1 & check room#2 under my profile,70369610,Vincent,,Ocean View,37.71411168,-122.4630841,Private room,55,3,78,3/17/2018,3.49,2,112
13603416,new house level2,78681619,Tom,,Ocean View,37.70836422,-122.4616687,Entire home/apt,299,2,5,7/28/2017,0.25,3,77
14907597,(3E) Master Suite with Private Bath near Subway,88062053,Victor,,Ocean View,37.70718729,-122.4651848,Private room,90,1,54,3/31/2018,2.83,7,127
18333605,2E - Four Single Beds at Living Room near Subway,94282453,Kimberly,,Ocean View,37.70719108,-122.4637493,Shared room,80,1,73,3/26/2018,6.28,9,160
18451468,3C - Double-Bed Room near Daly City BART and SFO,94282453,Kimberly,,Ocean View,37.70533001,-122.4652151,Private room,80,1,65,4/1/2018,6.04,9,349
18278319,3A - Master Suite with Ocean View Patio near BART,94282453,Kimberly,,Ocean View,37.70590393,-122.4646671,Private room,150,1,50,3/31/2018,4.52,9,155
18289176,3D - Double Queen-Bed Room near Daly City Subway,94282453,Kimberly,,Ocean View,37.70680109,-122.4647124,Private room,90,1,62,3/28/2018,5.38,9,175
15453636,"Studio Style Private Room/Bath, Fridge, Microwave",99135583,Danielle,,Ocean View,37.71718216,-122.4499856,Private room,80,2,91,4/1/2018,5.24,1,23
16042687,Look HERE!  Queen bed/mattress Private bath. Cozy!,104418181,Susan,,Ocean View,37.72195311,-122.4601438,Private room,69,1,32,3/21/2018,2.07,1,91
17591620,Shared home in the Ocean View neighborhood,119526429,Hana,,Ocean View,37.71520003,-122.4624584,Private room,91,3,3,10/3/2017,0.29,1,171
21726818,New furniture entire In-law near SF State and SFO,148875631,Carissa,,Ocean View,37.71471719,-122.4702757,Entire home/apt,128,1,26,4/2/2018,5.86,6,237
21254670,New furniture near SF State and Bart Station (2P),148875631,Carissa,,Ocean View,37.71630427,-122.4715931,Private room,79,1,23,3/31/2018,3.97,6,293
12039322,Office Room w/ Curtains(No Door) 5* Superhost,22402,Jia,,Outer Mission,37.73237334,-122.4503221,Private room,45,4,15,2/3/2018,1.07,2,75
10810430,"Ocean and City views, 3bedroom house with parking",1221565,Lisa,,Outer Mission,37.70430305,-122.4556232,Entire home/apt,305,3,0,,,1,188
1489175,Charming home in San Francisco!,1971663,Patricia,,Outer Mission,37.72475959,-122.4395089,Entire home/apt,295,3,50,4/2/2018,1.37,1,258
14162759,Grand 1880's Victorian 3 Bedrooms,2389112,Victor,,Outer Mission,37.73213346,-122.4360012,Private room,425,1,10,10/27/2017,0.5,2,349
568161,Comfortable Room in Glen Park (SF),2795397,Beth,,Outer Mission,37.73279459,-122.4370054,Private room,68,2,279,3/31/2018,4.1,1,95
21191909,NEW Modern Unit in San Francisco,3087131,Kristin,,Outer Mission,37.73191111,-122.4385814,Entire home/apt,150,1,11,4/5/2018,2.19,1,292
3221082,Garden Apartment in Sunny Glen Park,3151325,Andrea,,Outer Mission,37.73273311,-122.4399203,Entire home/apt,279,1,54,2/23/2018,1.19,3,33
689356,Fun & Unique 2 BR w/Parking,3273518,Danielle,,Outer Mission,37.72652714,-122.43686,Private room,204,5,26,3/6/2018,0.41,1,217
651624,Glen Park Private Room with a View,3274172,Layne,,Outer Mission,37.73510162,-122.4414965,Private room,85,2,104,4/1/2018,1.53,1,205
2400409,"Private cottage, easy location/parking, WiFi",6574716,Eric,,Outer Mission,37.73302629,-122.4497917,Entire home/apt,177,3,100,3/21/2018,2.03,1,51
1510363,Cozy 2 BR  Apt. In The Sunnyside,7303214,Charlesie And Tedd,,Outer Mission,37.72856849,-122.4521493,Entire home/apt,140,3,198,3/26/2018,3.65,1,124
20786754,Queen bedroom with shared bathroom,9080666,Sandy,,Outer Mission,37.72819038,-122.4350254,Private room,65,5,0,,,9,118
19363609,Queen Room in Mission Terrace,9109983,Geoffrey,,Outer Mission,37.72325965,-122.4406271,Private room,90,2,21,3/29/2018,2.23,4,352
22525784,Large upstairs sunny queen room in Mission Terrace,9109983,Geoffrey,,Outer Mission,37.72339458,-122.4401473,Private room,80,2,3,1/31/2018,1.03,4,350
2046634,Sunny / Private Bath / The Green Rm,10220182,Kenix,,Outer Mission,37.72482799,-122.4360876,Private room,69,2,289,3/31/2018,5.49,4,244
19412165,"Beautiful room, private bath, desk/wifi & garden",13043427,Rukmini,,Outer Mission,37.71374537,-122.4455425,Private room,200,1,5,8/7/2017,0.54,1,71
4510968,Victorian Apt. with Private Garden,23389678,Anna,,Outer Mission,37.73353889,-122.4371133,Entire home/apt,120,1,92,3/28/2018,2.35,1,161
6894794,Private room with stunning views,36128883,Rose,,Outer Mission,37.73290945,-122.4431861,Private room,175,1,93,9/1/2017,2.76,2,0
9867938,Relaxing house with private garage,44781874,Cecilia And Gwen,,Outer Mission,37.73085412,-122.4390325,Entire home/apt,200,2,26,3/24/2018,0.97,1,31
9955894,Room in Mission Terrace,48729832,Rich,,Outer Mission,37.72373321,-122.4399703,Private room,70,2,79,3/29/2018,3.26,4,324
15822076,Glen Park Oasis Studio,68747156,Eileen,,Outer Mission,37.73225785,-122.4386962,Entire home/apt,100,3,48,4/5/2018,2.99,1,105
15250767,"Outer Mission Private Cozy Room, Quiet Neighorhood",91188092,Tide,,Outer Mission,37.71132933,-122.4466384,Private room,110,3,21,4/2/2018,1.52,5,86
22653273,Comfortable in-law apartment in the Outer Mission,145411824,Karen,,Outer Mission,37.71342596,-122.4442432,Entire home/apt,100,2,5,4/1/2018,2.73,1,0
20957480,Renu & Nikhil's place,150733336,Renu,,Outer Mission,37.71640968,-122.4453713,Private room,45,1,25,3/31/2018,4.21,1,24
21489166,"Room#1 Private bedroom, super convenient location.",156102468,Nanthana,,Outer Mission,37.72721285,-122.4330273,Private room,95,2,0,,,2,168
83553,Sutro Garden View,127367,Annette,,Outer Richmond,37.77482554,-122.5095181,Entire home/apt,85,30,6,10/5/2017,0.08,20,317
66188,Spectacular Sutro Heights,127367,Annette,,Outer Richmond,37.77718605,-122.5090602,Entire home/apt,216,30,12,2/18/2018,0.14,20,318
4638266,Stay w/ us near GG Bridge n parks!,170980,Nina,,Outer Richmond,37.78611762,-122.4864662,Private room,150,1,22,3/2/2018,0.65,1,337
208727,"Full Floor Flat, Priv.Bath Mid-Richmond,",519598,Robert,,Outer Richmond,37.78264839,-122.4897119,Private room,79,30,25,8/31/2017,0.36,1,287
10337916,Sutro Heights executive suite,1984693,Jackie,,Outer Richmond,37.77897629,-122.5085082,Entire home/apt,139,4,52,4/4/2018,4.35,1,98
21123453,"Penthouse Loft, with private deck",3980939,Julia,,Outer Richmond,37.7738726,-122.4983636,Private room,190,2,7,3/30/2018,1.43,1,306
918572,Artist's Home near GG Park & Ocean,4933610,Marcella,,Outer Richmond,37.7757247,-122.4859696,Entire home/apt,371,3,9,8/14/2017,0.16,1,0
12917134,"Modern, Comfy 2BR Upstairs Flat with Deck",5326196,Mila,,Outer Richmond,37.77442688,-122.4803959,Entire home/apt,249,2,49,9/28/2017,2.29,2,95
21252479,"Room @ Golden Gate Bridge, Ocean Beaches & Parks.",8357805,Kirill,,Outer Richmond,37.78107532,-122.4885813,Private room,79,1,51,3/30/2018,8.6,1,311
8152867,Private room/bathroom w/parking,10394065,Carol,,Outer Richmond,37.77745,-122.4798876,Private room,99,2,71,3/29/2018,2.74,2,47
2331166,Private Rm/Private Bathrm nr Ocean ,10573197,Beverly,,Outer Richmond,37.77333845,-122.5009041,Private room,90,3,156,3/19/2018,3.11,2,53
16790413,"12+HOME,GREAT AREA,QUITE PLACE WITH FRUIT TREES",12575941,Alex,,Outer Richmond,37.77695189,-122.4787119,Entire home/apt,308,1,73,3/22/2018,5.07,1,209
9119210,Modern Room by Golden Gate Park (Blue Butterfly),23752034,Brian,,Outer Richmond,37.77240746,-122.5016871,Private room,100,1,72,4/1/2018,2.43,3,243
14805196,Charming room with private bathroom,56398946,Wes,,Outer Richmond,37.77657825,-122.5037621,Private room,70,31,183,3/24/2018,9.51,1,167
14790424,Great 3br Home between Golden Gate Bridge and Park,66527929,Jana And Peter,,Outer Richmond,37.77701381,-122.4890079,Entire home/apt,199,2,26,12/26/2017,1.69,2,7
16043093,Enjoy a Family Getaway by the Golden Gate Bridge,83844277,Stacy,,Outer Richmond,37.78136248,-122.4888073,Entire home/apt,160,2,58,4/5/2018,4.14,1,59
18021096,Awesome Ocean View -1  BR & 1 BA,123920280,Pj,,Outer Richmond,37.77328419,-122.5093674,Private room,120,30,2,8/13/2017,0.2,1,309
20744113,"Huge 3 BD Apt, Walk Everywhere, Great Restaurants",144161056,Rosemarie,,Outer Richmond,37.78246867,-122.4796205,Entire home/apt,289,2,29,4/5/2018,4.03,1,38
21730409,1st Floor Nice & Quiet 100 sq ft Private room,157074592,ALEX / Peihong,,Outer Richmond,37.77910438,-122.4971241,Private room,50,2,30,3/31/2018,6.67,5,42
23860006,Modern Home with Ocean Views,179240427,June,,Outer Richmond,37.77988974,-122.5033254,Entire home/apt,380,2,1,4/1/2018,1,2,322
1135287,Big Rm Furnished/WiFi/Laundry,250861,Belinda,,Outer Sunset,37.74740362,-122.4872831,Private room,109,30,14,10/8/2017,0.25,4,365
1036276,Private Furnished BR/WiFi/Laundry,250861,Belinda,,Outer Sunset,37.74799421,-122.4859451,Private room,89,30,17,1/2/2018,0.28,4,365
20405090,Huge modern master suite with ocean views,263595,Brian,,Outer Sunset,37.75615654,-122.4780598,Private room,80,2,40,4/4/2018,5.17,1,33
2980184,At Home in the Sunset,699508,Fred,,Outer Sunset,37.75173631,-122.4772342,Entire home/apt,250,30,5,7/22/2016,0.12,1,189
297897,Clean & Tidy Beach Flat - Free Museums Save $180!,1535770,Tim,,Outer Sunset,37.7573702,-122.5061944,Entire home/apt,379,3,166,3/19/2018,2.35,1,96
21233544,Ocean Beach Guest Suite,1852503,Michele,,Outer Sunset,37.74905048,-122.5058324,Entire home/apt,100,2,7,4/2/2018,3,1,6
4252808,"Charming Garden Apartment, Steps From The Beach",3059177,Heather,,Outer Sunset,37.75733976,-122.508541,Entire home/apt,130,2,185,3/30/2018,6.84,1,52
14452358,Two bedroom flat a block from Ocean Beach,3120119,Kathleen,,Outer Sunset,37.75296064,-122.5064656,Entire home/apt,220,2,14,4/4/2018,0.75,1,208
10328918,Gorgeous Mother in Law  near Beach,5215966,Melisse,,Outer Sunset,37.75425055,-122.4939235,Entire home/apt,125,3,11,7/13/2017,0.48,6,34
15009918,Simple Euro Sofa and Bed nr park n beach Fast Wifi,5215966,Melisse,,Outer Sunset,37.75414325,-122.4932435,Shared room,39,1,25,3/22/2018,1.79,6,64
982298,"Amazing Beachfront House, Hot Tub - 4BR",5380962,George,,Outer Sunset,37.74984269,-122.5085211,Entire home/apt,495,2,47,9/25/2017,0.79,1,270
1033754,Sunset home near beach and park,5689322,Jennifer,,Outer Sunset,37.75974517,-122.5054378,Entire home/apt,300,1,127,4/3/2018,2.09,3,41
22191539,Cozy Mid-Century Flat at Ocean Beach,6367878,Jason,,Outer Sunset,37.75805418,-122.5086684,Entire home/apt,160,3,5,3/18/2018,1.52,1,8
6117147,"cozy, private rental w/garden+deck",6872494,Diane,,Outer Sunset,37.75318463,-122.5009914,Entire home/apt,135,2,80,3/23/2018,2.34,1,47
7054235,Sunset Remodeled Bedroom,7486078,Benjamin,,Outer Sunset,37.75853313,-122.5050631,Private room,99,3,62,3/24/2018,1.86,1,27
1725853,Modern Luxury Private SanFran Casa,9095946,Lina & Alex,,Outer Sunset,37.74732785,-122.489515,Entire home/apt,129,2,310,3/27/2018,5.65,1,230
2302408,"Cute & Quiet Ground Floor Apt, safe walkable area",11758720,Rocky,,Outer Sunset,37.76282214,-122.4817188,Entire home/apt,105,30,43,2/28/2018,0.94,1,91
2956406,Inlaw room w private bath - for 2,15089647,Simon,,Outer Sunset,37.75793566,-122.4895361,Private room,105,2,336,3/31/2018,7.05,2,237
3112427,Star Studio in the Outer Sunset,15816020,Christina & Matthew,,Outer Sunset,37.75927239,-122.5046929,Entire home/apt,125,2,92,3/28/2018,2.01,1,251
21298338,"Private, 2-Bedroom Apartment",17417222,Jessica,,Outer Sunset,37.75361875,-122.4912475,Entire home/apt,189,1,4,3/31/2018,4,2,52
3759246,"Private Unit, Bathroom, Parking",19246456,David,,Outer Sunset,37.75574653,-122.4791684,Entire home/apt,99,1,230,3/19/2018,5.15,1,15
19999436,Golden Gate Park 1bd/1ba Unit,20036644,Mustafa,,Outer Sunset,37.76374381,-122.4787783,Entire home/apt,120,2,36,3/25/2018,4.54,1,31
4243837,Beach Cottage,21915488,Mary,,Outer Sunset,37.7569881,-122.507658,Entire home/apt,225,3,27,2/19/2018,0.64,1,320
15706693,Bright In Law With Parking Near GG Park,25361970,Alan,,Outer Sunset,37.7619372,-122.4807514,Entire home/apt,125,2,83,3/27/2018,5,2,28
4959980,"2BR, free SF museums, GG Park, trampoline",25419840,Tali,,Outer Sunset,37.75612798,-122.4845582,Entire home/apt,269,2,194,4/4/2018,4.96,1,148
19437035,Family-friendly home with ocean views,26024443,Lauren,,Outer Sunset,37.75114104,-122.494896,Entire home/apt,280,4,2,7/29/2017,0.23,1,0
11910999,Private Room Next to GG Park,26606416,Roerto,,Outer Sunset,37.76358642,-122.4824523,Private room,55,1,90,3/6/2018,5.14,2,55
20073990,Bright and Comfortable 1 Bedroom in the Sunset!,27178877,Pedro,,Outer Sunset,37.76174808,-122.4936728,Private room,85,1,66,3/27/2018,7.98,1,6
20367610,☆ Walk/Bike Score 95+ ☆ Netflix ☆ Full Kitchen ☆,35433848,Je & Derren,,Outer Sunset,37.74709845,-122.4786167,Private room,40,1,62,4/6/2018,8.05,4,345
21591469,Quaint Room in The Sunset,36997746,Jonathan,,Outer Sunset,37.75120803,-122.4774399,Shared room,50,2,19,3/22/2018,4.29,4,77
24224031,Cozy Room in a Relaxed House,36997746,Jonathan,,Outer Sunset,37.749227,-122.4781538,Shared room,50,2,0,,,4,89
7247746,Near the...Sand...   Room w/ 2 Beds,37952450,Maite & Roger,,Outer Sunset,37.76257909,-122.5082166,Private room,95,2,66,11/4/2017,2.03,3,89
14426130,Nice clean bedroom near Ocean Beach,40902220,David,,Outer Sunset,37.75930319,-122.5036574,Private room,92,1,134,3/29/2018,6.76,2,200
14538591,Beach and park private studio private entrance,41376640,Pauline,,Outer Sunset,37.76310047,-122.5032012,Private room,85,1,5,1/10/2018,0.37,1,255
8859249,Gorgeous mid century gem.,46379226,Erika And Gary,,Outer Sunset,37.76419494,-122.4909166,Entire home/apt,150,2,147,3/25/2018,4.98,1,56
22430481,Sparkling Sunset Oasis near GG Park & the Ocean,55550031,Molly,,Outer Sunset,37.75851431,-122.4969303,Entire home/apt,135,3,10,4/5/2018,3.75,1,29
11319787,2BR SF Ocean Beach Sanctuary,59204493,Jeremy,,Outer Sunset,37.7562834,-122.506494,Entire home/apt,138,30,31,6/23/2017,1.35,1,296
11592372,Hip house by the beach and park,61318972,Laura,,Outer Sunset,37.76182384,-122.5046155,Entire home/apt,245,2,33,3/18/2018,1.33,1,22
23907104,Coastal Simplicity,68135323,Jeffrey,,Outer Sunset,37.75187621,-122.5062575,Entire home/apt,105,2,0,,,1,175
16376353,"Private room, quiet, and cozy",100586872,Mary Gaineng,,Outer Sunset,37.74907543,-122.48171,Private room,82,1,152,4/3/2018,10.53,3,264
22210754,San Francisco Home a block from Ocean Beach/Sunset,101589160,Vanessa,,Outer Sunset,37.75418185,-122.5084464,Entire home/apt,170,2,18,4/3/2018,6.35,1,59
16336782,Large Studio Near Golden Gate Park!,106951010,Renita,,Outer Sunset,37.76290304,-122.4890601,Entire home/apt,199,2,22,3/19/2018,1.55,1,67
18874472,Room inside of house,131502074,Kathy,,Outer Sunset,37.74731599,-122.4761266,Private room,80,1,34,3/29/2018,3.54,2,169
19200196,Spacious 3 bedroom/2.5 bath w/parking @ GoldenGate,134329849,Dillon,,Outer Sunset,37.75821934,-122.4854092,Entire home/apt,275,1,70,4/1/2018,7.34,1,197
23700802,Entire SF Flat near Golden Gate Park & Ocean Beach,177152067,Irene,,Outer Sunset,37.76436178,-122.4956765,Entire home/apt,400,3,0,,,1,0
56621,Prime Location - Large Private Room,216682,Jay,,Pacific Heights,37.79215669,-122.4245818,Private room,63,30,117,2/3/2018,1.29,6,349
596042,Prime Location - Single Airy Room,216682,Jay,,Pacific Heights,37.7938368,-122.4243615,Private room,63,30,93,9/29/2017,1.34,6,352
144978,Prime Location - Small Basic Room,216682,Jay,,Pacific Heights,37.7933572,-122.4250623,Private room,56,30,115,4/3/2018,1.4,6,301
5327231,Lovely Pacific Heights 3 BR- Walk to Everything!,306980,Stephanie,,Pacific Heights,37.78972236,-122.4392185,Entire home/apt,445,30,1,6/23/2017,0.1,1,49
932481,HUGE Home & CAR! BEST SF AREA!  ALL 5 ** reviews!,863433,Lisa,,Pacific Heights,37.79176504,-122.4327002,Entire home/apt,840,7,5,1/27/2014,0.09,2,238
4785521,2BD/2BA in beautiful Pac Heights,1245560,Tim,,Pacific Heights,37.78947695,-122.4380604,Entire home/apt,400,4,12,10/8/2016,0.34,1,0
21477981,Sunny Urban Treehouse condo next to Presidio,1473567,Caroline,,Pacific Heights,37.79032959,-122.4469082,Entire home/apt,300,2,2,3/20/2018,0.63,1,32
2448356,Pac Heights Private Room & Bath,2308301,Colt And Karen,,Pacific Heights,37.79705792,-122.4239229,Private room,145,3,193,3/25/2018,3.93,1,30
10199931,Spectacular 1900s Victorian home,4943346,Ignacio,,Pacific Heights,37.78900157,-122.4393911,Entire home/apt,715,4,6,3/31/2018,0.28,1,251
22796326,Astounding Golden Gate Views!,4976919,Paul,,Pacific Heights,37.79290315,-122.4365357,Entire home/apt,500,30,1,,,2,281
9752553,Chic Pac Heights Privacy,4976919,Paul,,Pacific Heights,37.79356133,-122.4365999,Entire home/apt,300,30,15,3/27/2018,0.55,2,317
1525137,Modern Edwardian in Pacific Heights,7390100,Dion,,Pacific Heights,37.78778828,-122.4439282,Entire home/apt,210,2,188,3/10/2018,3.39,1,227
2172308,Cozy 3BR Cottage in Pacific Heights,11082476,Chris & Neil,,Pacific Heights,37.78994608,-122.4354119,Entire home/apt,462,2,77,3/18/2018,1.56,1,191
20199218,Pacific Heights Boutique Hotel - Executive Suite,11218165,Bryn,,Pacific Heights,37.79360506,-122.4322274,Private room,269,4,1,11/10/2017,0.2,3,4
21712007,"Beautiful, Airy and Sunny Pacific Heights Apt",11395220,Anna,,Pacific Heights,37.79395202,-122.4250785,Entire home/apt,150,2,0,,,1,0
2257205,"Oasis to relax, Surrounding views, Family friendly",11527863,Louise,,Pacific Heights,37.79324018,-122.4339756,Entire home/apt,400,4,22,4/1/2018,0.66,2,297
9256506,Private Rooms in Modernized 1890s Victorian House,14003785,Pam,,Pacific Heights,37.78800537,-122.4422823,Private room,286,3,34,4/1/2018,1.34,3,218
7612118,Paris in Pacific Heights Top Floor Balcony Garden,20169016,Springer,,Pacific Heights,37.78893901,-122.4455467,Entire home/apt,252,3,0,,,3,327
6326133,Spacious Sunny Victorian Suite (BR+LR),20624477,Maureen,,Pacific Heights,37.78880963,-122.4400007,Entire home/apt,225,4,64,3/15/2018,1.83,1,95
13265498,Hotel Pac Hgts 2 Bed Free Car ParkH,20850212,Young,,Pacific Heights,37.7971829,-122.4250406,Entire home/apt,129,1,19,3/17/2018,1.21,15,6
5480795,Hotel Pac Hgts 2 Bed Free Car ParkE,20850212,Young,,Pacific Heights,37.79712885,-122.4257124,Entire home/apt,129,1,129,3/20/2018,3.46,15,203
13263750,Hotel Pac Hgts 2 Bed Free Car ParkG,20850212,Young,,Pacific Heights,37.79696138,-122.4245201,Entire home/apt,129,1,65,3/17/2018,4.04,15,4
21770097,❤❤VIEWS&LOCATION!Pacific Heights♡California&Pierce,36583560,Dani,,Pacific Heights,37.78900484,-122.4357974,Entire home/apt,150,4,1,3/18/2018,1,1,92
18851429,Modern Luxury Condo in Pacific Heights,131316530,Kim,,Pacific Heights,37.79587703,-122.4286991,Entire home/apt,595,2,23,3/23/2018,2.2,2,86
20526049,"Private Bedroom, Living Room and Bathroom",132710331,Anastasia / Ana,,Pacific Heights,37.78930194,-122.432077,Private room,140,1,1,9/24/2017,0.15,3,0
23975362,Bridge Views in Cow Hollow for 2,180327501,Liza,,Pacific Heights,37.79686912,-122.4247633,Entire home/apt,399,4,0,,,1,26
6833179,Amazing 2 bdrms/living room/full kitchen + parking,810374,Georgy,,Parkside,37.74526382,-122.5012309,Entire home/apt,200,30,110,2/20/2018,3.3,2,245
238204,Spacious SF Getaway Near The Ocean,1248132,Jennifer,,Parkside,37.74173893,-122.5043468,Entire home/apt,125,2,154,4/1/2018,1.96,1,299
13155451,"Ocean Beach Escape! 1 block to beach, zoo, L muni",2756841,Eddie & Caroline,,Parkside,37.73592085,-122.5063314,Entire home/apt,150,3,60,3/30/2018,2.68,1,261
7065694,San Francisco Beach House - Surf SF,2817625,Paul,,Parkside,37.73805706,-122.5062289,Entire home/apt,350,30,13,2/10/2018,0.44,1,262
10477793,Spacious Flat for Two,7088356,Brian,,Parkside,37.74410297,-122.474822,Private room,100,3,27,3/30/2018,1.04,1,135
13815533,Sunset Tranquility,10460597,Doug & Trish,,Parkside,37.74404929,-122.5032256,Entire home/apt,175,2,53,3/31/2018,2.53,1,266
4251101,Private bathroom/Room and city view,13059334,Yann,,Parkside,37.73977194,-122.4776903,Private room,104,5,86,1/14/2018,2.04,2,335
12657863,Private Studio with bathroom and kitchenette,22662429,Daniel,,Parkside,37.74369304,-122.4981809,Private room,80,2,1,4/5/2018,1,1,337
4372435,"Cozy, well furnished 1 bedroom",22700332,Mariya,,Parkside,37.74156068,-122.4780337,Entire home/apt,120,3,12,10/6/2017,0.44,1,268
5154367,"Clean Bedroom, 2 minutes to transport. Garden view",26653102,Dayne,,Parkside,37.74313805,-122.4772813,Private room,80,2,45,4/5/2018,1.4,4,30
16897598,Private Two Rooms with Bathroom and Garden.,30348808,Gregory,,Parkside,37.74298749,-122.4805363,Entire home/apt,150,2,24,3/22/2018,1.73,1,142
20368086,❤ of SF Sunset District | Walk+Bike Score 96+,35433848,Je & Derren,,Parkside,37.74656798,-122.477872,Private room,50,1,58,4/3/2018,7.53,4,342
9075976,3 BR Home with Ocean Sunset Views,47334459,Read,,Parkside,37.73689706,-122.5009292,Entire home/apt,164,1,25,12/27/2017,0.87,1,0
11531859,Private room near Golden Gate Park & Beach,56899803,Kathy,,Parkside,37.74142541,-122.4926853,Private room,79,2,66,3/10/2018,2.63,2,61
10968239,Sunset Suite near Golden Gate Park & Beach,56899803,Kathy,,Parkside,37.74113605,-122.492919,Private room,89,2,39,3/22/2018,1.56,2,73
13827669,The Parkside,81513590,Nejdeh,,Parkside,37.74432697,-122.478043,Entire home/apt,150,1,72,4/1/2018,3.87,1,75
19160891,Charming 3 bedroom Edwardian house,126496085,Felicity,,Parkside,37.74107821,-122.4833729,Entire home/apt,225,1,20,4/3/2018,2.93,4,1
18767723,Brand New! Charming & Bright Suite - Room B,128943312,Victor & Christiana,,Parkside,37.74866327,-122.4754415,Private room,75,1,55,4/2/2018,5.43,4,141
18765944,Brand New! Charming & Cozy SF Hideout - Room C,128943312,Victor & Christiana,,Parkside,37.74816181,-122.473932,Private room,65,1,46,2/26/2018,4.58,4,152
9225,Artful Potrero Separate Floor with Garden,29674,Gae,,Potrero Hill,37.76258885,-122.4054306,Private room,135,1,387,3/28/2018,3.76,1,334
24463,"Potrero Hill ""Nest"" Quiet, Comfy & Convenient",99128,Cathryn,,Potrero Hill,37.75644595,-122.3991023,Private room,155,2,236,3/29/2018,2.47,2,157
273530,"Sunny Potrero Townhouse ""Nest""",99128,Cathryn,,Potrero Hill,37.75612324,-122.3996666,Entire home/apt,325,4,30,11/26/2017,0.56,2,3
4713319,Dogpatch Gem Apt Parking Included!,197237,Lynn,,Potrero Hill,37.7599279,-122.3923102,Entire home/apt,250,30,13,2/11/2018,0.32,1,328
11241173,Sunny Room w/ a Private Bathroom,237659,Niya,,Potrero Hill,37.75318949,-122.4019479,Private room,88,2,94,4/5/2018,4.08,1,71
14950542,Master bedroom at the top of Potrero Hill,260426,Joe,,Potrero Hill,37.75914649,-122.4027517,Private room,95,2,6,11/9/2017,0.32,4,0
862201,The Veranda Studio - BUSINESS READY,355513,Jojo,,Potrero Hill,37.75318386,-122.4012376,Entire home/apt,179,3,136,3/16/2018,2.19,1,62
15984328,The Studio at Casa Negra on Potrero Hill,384619,Ryan,,Potrero Hill,37.75714126,-122.4016308,Entire home/apt,188,2,30,4/1/2018,1.88,1,56
3205059,Modern suite with private entrance,417666,Vera,,Potrero Hill,37.76050206,-122.393553,Entire home/apt,145,5,86,3/26/2018,1.95,1,91
19412179,Potrero Hill-Sunset Views,1327083,Jennifer,,Potrero Hill,37.75469249,-122.3996677,Private room,70,1,68,4/3/2018,7.31,1,35
6936417,"Modern Victorian on top of the hill, shared entry",1407112,Olga,,Potrero Hill,37.76028277,-122.3936458,Entire home/apt,235,3,47,3/29/2018,1.4,1,124
288213,Stylish Potrero Garden Flat for Two,1498483,Jared & Katherine,,Potrero Hill,37.75971288,-122.3883334,Entire home/apt,190,2,143,11/17/2017,1.9,1,269
9440164,"Sunny 2 BR, 2 BA on two floors",1526682,Jeremy,,Potrero Hill,37.75371108,-122.3987582,Entire home/apt,225,3,1,3/10/2016,0.04,1,0
2355859,Modern 1 Bedroom Apartment in Sunny Potrero,1963037,Robert,,Potrero Hill,37.76216762,-122.3954305,Entire home/apt,280,4,54,3/15/2018,1.1,2,320
6273036,Cosy Potrero Hill 1 bedroom,2214440,Hugo,,Potrero Hill,37.75487794,-122.4023512,Entire home/apt,160,2,16,3/23/2018,0.47,1,48
4358868,Beautiful Victorian in Dogpatch,2335941,David,,Potrero Hill,37.75985566,-122.3908297,Entire home/apt,550,2,11,3/31/2018,0.43,1,53
533627,"3BR/3BA Potrero Paradise: Lux, Views, Hot Tub too",2544752,Fran,,Potrero Hill,37.76132396,-122.4042142,Entire home/apt,780,4,21,3/29/2018,0.3,4,91
631658,Potrero Suite: Lux 2BR Fantastic Views + Hot Tub,2544752,Fran,,Potrero Hill,37.75926254,-122.4044216,Private room,280,2,29,2/5/2018,0.43,4,147
516836,"Potrero Paradise: Lux, Hot Tub, Balcony w Views!",2544752,Fran,,Potrero Hill,37.75933372,-122.4036716,Private room,135,3,265,2/23/2018,3.77,4,77
596462,Oasis 1 bd apt in sunny Potrero Hill,2677490,Garrett,,Potrero Hill,37.75954413,-122.402567,Entire home/apt,165,4,25,4/2/2018,1.37,2,106
13128357,"Lotus Room-Luxury, Parking, Awesome Sunsets, New",3617002,Sarah & Pankaj,,Potrero Hill,37.76209776,-122.4034992,Private room,88,1,172,4/1/2018,7.53,4,319
21596397,Relax in Potrero Hill>> Lovely w Ktchn Grdn & View,4718164,Serena,,Potrero Hill,37.75655245,-122.4026661,Entire home/apt,110,2,13,4/1/2018,3.1,1,74
1123125,Private suite on San Francisco's Potrero Hill,6161482,Marion,,Potrero Hill,37.76046423,-122.3977784,Private room,120,2,4,3/25/2018,3.33,2,116
3416013,Amazing Views. Quiet Rooms. On Potrero Hill.,6884446,Emily,,Potrero Hill,37.75091278,-122.3962869,Private room,133,1,212,3/30/2018,4.73,3,125
1759087,MODERN SUITE WITH PRIVATE ENTRANCE,9248549,Gerardo,,Potrero Hill,37.76492078,-122.3972241,Entire home/apt,205,2,135,3/30/2018,2.57,1,122
19830610,DOGPATCH MODERN FLAT,9338519,Ian,,Potrero Hill,37.75614565,-122.3877645,Entire home/apt,230,2,8,3/8/2018,1.17,1,156
2349483,Secluded quiet private room & bath,11997544,Frances & Dave,,Potrero Hill,37.75935099,-122.3986744,Private room,130,2,151,3/15/2018,3.56,2,55
5242394,Private Cozy Studio Flat  4U!,11997544,Frances & Dave,,Potrero Hill,37.75744708,-122.3990138,Entire home/apt,170,2,47,3/14/2018,1.75,2,136
2420807,"Potrero Hill Condo, Parking, W/D, Dog Friendly",12373995,Yvonne & Evelyn,,Potrero Hill,37.75885511,-122.4046435,Entire home/apt,109,2,8,11/25/2017,0.18,1,0
7549488,HUGE Comfy Condo w/ Stunning Views,14818517,Aliah,,Potrero Hill,37.76023985,-122.3989867,Entire home/apt,475,2,18,1/5/2018,0.85,2,20
7182761,Suite in Stunning Potrero Hill,17331617,Brendan,,Potrero Hill,37.75751127,-122.3962746,Private room,130,3,111,3/31/2018,3.5,1,350
7055126,Sunny Potrero Hill Cottage,24949211,Ed,,Potrero Hill,37.75956554,-122.3947065,Entire home/apt,225,1,128,3/29/2018,3.91,2,143
13687255,Adorable Victorian in Potrero Hill,32534976,Palmore,,Potrero Hill,37.76031944,-122.3944442,Entire home/apt,300,4,20,3/9/2018,0.99,3,96
23355213,"Bright, Sunny Potrero Treasure",39186486,Julius,,Potrero Hill,37.75780081,-122.401971,Entire home/apt,200,1,1,3/22/2018,1,1,353
14304773,Sunny Modern Loft- 2 full baths,45777128,Dee,,Potrero Hill,37.76409726,-122.3877482,Entire home/apt,224,3,17,1/1/2018,0.89,1,71
17961646,2 bed Apartment with fab city views,57583714,Gina,,Potrero Hill,37.76061081,-122.4007543,Entire home/apt,340,3,19,2/24/2018,1.72,2,15
11909624,Gorgeous victorian with lush garden,63534072,Elena,,Potrero Hill,37.75092325,-122.4011192,Entire home/apt,277,3,30,11/28/2017,1.24,1,46
18994064,Private Potrero Patio Ensuite,81154398,Tim,,Potrero Hill,37.75743452,-122.397527,Private room,149,1,74,4/5/2018,7.66,1,64
15504145,"Spacious Elegance, Panoramic Views on Potrero Hill",99594283,Mark,,Potrero Hill,37.76158761,-122.4026227,Entire home/apt,500,7,1,12/26/2016,0.06,1,0
371595,Private Garden Room- Great Locale,165574,Jonathan,,Presidio Heights,37.78144284,-122.4563493,Private room,129,3,181,3/8/2018,2.45,2,125
1209893,Designer Flat - easy access to downtown,5124146,Toni,,Presidio Heights,37.78490706,-122.4581033,Entire home/apt,950,2,5,3/21/2018,0.15,2,362
6006768,"CHARMING, PRIVATE GARDEN UNIT",26870698,Mimi And Mosh,,Presidio Heights,37.78995917,-122.4498138,Entire home/apt,140,3,203,4/5/2018,5.76,1,18
18878564,Elegant Victorian in Presidio Heights *Views*,80693468,Victoria,,Presidio Heights,37.78972393,-122.4491782,Entire home/apt,1800,2,0,,,1,51
15305339,Beautiful Home luxuriously Finished,97475844,Shelly,,Presidio Heights,37.7877786,-122.4591013,Entire home/apt,325,30,2,2/18/2017,0.13,1,179
59381,Ultra Panoramic View Contemporary,285168,Bill,,Russian Hill,37.8031015,-122.4159579,Private room,109,2,182,4/2/2018,2.17,4,50
9464763,Gorgeous condo near waterfront,603449,Pete,,Russian Hill,37.80658192,-122.4198639,Entire home/apt,500,2,36,1/2/2018,1.25,1,109
13066842,"Luxury Townhouse. Top location, views & furniture.",775473,Federico,,Russian Hill,37.79808845,-122.4147939,Entire home/apt,549,2,36,3/25/2018,1.59,1,42
4317833,Gorgeous North Beach Apartment,1257432,Rebecca,,Russian Hill,37.79965703,-122.4120803,Entire home/apt,575,2,5,10/7/2016,0.12,4,0
3116974,Amazing Location and Fab Bay Views,1445283,Carrie,,Russian Hill,37.79819708,-122.4118267,Entire home/apt,375,2,99,3/19/2018,2.18,1,202
7495711,Mid-Century Studio/GG Bridge Views,1611622,Conor,,Russian Hill,37.80285936,-122.4217902,Entire home/apt,150,3,11,12/31/2016,0.35,1,0
519796,Lrg Sunny Flat/1 Blk fr Lombard St,2019559,Suzette,,Russian Hill,37.80298717,-122.4244721,Entire home/apt,156,30,64,3/24/2018,0.91,1,305
1036860,2bed-rm Suites at Fisherman's Wharf,5708168,Kowang,,Russian Hill,37.80519317,-122.4214282,Entire home/apt,298,2,9,10/6/2017,0.16,1,67
16688334,Russian Hill Quiet and Convenient Hideaway,7731691,Allison,,Russian Hill,37.79613655,-122.4222104,Entire home/apt,195,2,22,3/21/2018,1.6,1,1
4517932,"Designer's 1BR, Close to Sites: Parking, Roofdeck",8470040,Jill,,Russian Hill,37.80291291,-122.4162572,Entire home/apt,400,2,67,3/5/2018,1.64,1,156
1669283,North Beach pad with garage,8839111,Michael,,Russian Hill,37.79802648,-122.4115091,Entire home/apt,185,3,177,3/22/2018,3.32,1,199
2783251,Russian Hill/ North Beach Victorian,14235899,Ellen B,,Russian Hill,37.80415779,-122.4187081,Entire home/apt,185,5,151,3/28/2018,3.12,1,126
3441949,"Sophisticated, clean flat in Historic District -",17173987,Marsha,,Russian Hill,37.79698817,-122.4160088,Entire home/apt,194,7,23,3/21/2018,1.06,1,9
11834467,Private room by Fisherman's Wharf,19584367,Elisa,,Russian Hill,37.80085553,-122.4139366,Private room,82,30,106,3/10/2018,4.29,3,257
17405370,NEW Modern 1-BD in Fisherman's Wharf/Russian Hill,20369590,Monica/Peter,,Russian Hill,37.80543932,-122.423337,Entire home/apt,200,2,39,4/2/2018,3.87,1,69
4157431,Beautiful Apartment in Desirable Russian Hill,21573904,Sul,,Russian Hill,37.79884096,-122.4202417,Entire home/apt,135,30,41,2/3/2018,0.95,1,238
4896087,Charming Russian Hill Junior 1BR,25196982,Nikolas,,Russian Hill,37.80150926,-122.4198215,Entire home/apt,105,30,141,2/25/2018,3.59,2,278
6074750,Private Room/Bath ❤ of North Beach!,31531759,Jamie,,Russian Hill,37.79824673,-122.4109029,Private room,177,2,208,3/28/2018,5.83,1,96
10747219,"Private & Quiet, 1 BR Apt. with spectacular views",53307355,Supada,,Russian Hill,37.79782286,-122.4152121,Entire home/apt,198,2,52,3/4/2018,2.04,1,72
14109673,Studio Russian Hill San Francisco,84986955,Yves,,Russian Hill,37.79885628,-122.4237848,Private room,40,30,3,9/17/2017,0.32,1,65
16381134,Room with Private Entrance,107297613,Joanne,,Russian Hill,37.80169856,-122.4181054,Private room,385,30,23,12/28/2017,1.5,1,131
18775188,Secret Garden in Russian Hill,130653192,Joe,,Russian Hill,37.80074274,-122.4201562,Entire home/apt,110,3,27,3/26/2018,2.6,1,35
23685257,Beautiful & lovely SF apt!!,177389632,Keyhan,,Russian Hill,37.80155933,-122.4226831,Shared room,295,1,2,3/19/2018,2,1,97
69681,Panorama Pacific View - Pet Friendly,127367,Annette,,Seacliff,37.77706907,-122.5092319,Entire home/apt,170,30,7,1/14/2018,0.09,20,309
18396762,Sanctuary Rejuvenation 850 sft Home,5684789,Chinnamasta,,Seacliff,37.78161681,-122.495435,Entire home/apt,180,2,25,3/26/2018,2.38,1,27
3168359,Charming & Private Ideal location,16071511,Jamie,,Seacliff,37.77931904,-122.5096352,Entire home/apt,155,3,168,4/1/2018,3.82,1,130
8411606,comfy oceanside nest,21303289,Eugenia And Alessandro,,Seacliff,37.78667508,-122.4931617,Private room,130,2,120,3/23/2018,4.11,2,60
23324848,"Bright, sunny, clean and modern apartment in SoMa",5408,Adam,,South of Market,37.77954167,-122.3921175,Private room,122,2,0,,,1,0
1850609,"Gorgeous SoMa Loft - walk to Hayes, Downtown",181317,David,,South of Market,37.77572545,-122.4133594,Entire home/apt,194,2,82,3/19/2018,1.58,1,26
882409,Amazing SoMa Victorian! Teal Room,238982,Maria,,South of Market,37.77588548,-122.409023,Private room,80,1,265,7/27/2017,4.18,4,267
1329465,Brick-Walled Loft Near Ball Park,278257,Paul,,South of Market,37.77805862,-122.395011,Entire home/apt,200,30,6,11/3/2017,0.15,1,107
7202063,Warehouse-Style Condominium on Mint Plaza,789091,Dustin,,South of Market,37.78406587,-122.4070673,Entire home/apt,238,30,25,3/21/2018,0.76,1,340
11437138,"Sunny Victorian room in SoMa, near BART station!",1362550,Maria Jose,,South of Market,37.77733473,-122.4107762,Private room,100,1,65,3/16/2018,5.52,4,303
1059961,KelSoMa 1 Bed & Bath in SoMa,1427845,Laura And David,,South of Market,37.77981221,-122.4102231,Shared room,2466,30,41,11/27/2015,0.71,1,54
6646641,2 bed/2 bath LARGE SOMA Loft near Moscone/Caltrain,2153391,Stephanie,,South of Market,37.77620468,-122.3995479,Entire home/apt,339,30,1,7/5/2015,0.03,2,0
20211570,Luxury SOMA Condo/Moscone/Downtown,2326625,Ro,,South of Market,37.77824925,-122.4011811,Entire home/apt,279,2,4,1/14/2018,0.56,2,0
8760949,Sunny 2 bdrm on Valencia St,2354516,Brian And Jackie,,South of Market,37.77230928,-122.4212974,Entire home/apt,325,30,12,3/18/2018,0.44,1,166
21623314,Moscone Center Downtown SoMa,2895464,Timothy,,South of Market,37.78305021,-122.3984978,Private room,199,1,26,4/1/2018,5.53,1,284
21170799,Elegant Edwardian Flat in SOMA,3371679,Josh,,South of Market,37.77596479,-122.4099915,Entire home/apt,269,3,7,1/2/2018,1.15,1,178
17222602,Modern Room with Private Bath close to Everything!,3406629,Tony,,South of Market,37.776034,-122.4140656,Private room,113,2,66,3/24/2018,5.17,1,59
22227463,Upscale full apt in San Francisco HighRise +Views,3557407,Chitra,,South of Market,37.77780846,-122.4140065,Entire home/apt,315,2,1,12/27/2017,0.29,3,0
20710652,Modern highrise pvt ensuite. SOMA location+views,3557407,Chitra,,South of Market,37.77740114,-122.41586,Private room,145,3,3,3/28/2018,0.41,3,7
9730358,"Private Garden, Room and Bath in the Heart of SF",3814414,Cindy,,South of Market,37.77510714,-122.4088315,Private room,150,2,100,3/20/2018,3.52,1,54
20690957,roomB Queen/w PRIVATE bath between SFO and Pier 39,104567752,Yingming,,Visitacion Valley,37.7154814,-122.4307007,Private room,90,1,28,3/28/2018,3.87,3,345
1080980,Beautiful loft in the heart of SoMa,5722771,Michael,,South of Market,37.77807223,-122.4101026,Entire home/apt,595,1,58,10/13/2016,1.09,1,96
12502509,36 Camp Street Master Bedroom,6048908,Gerardo,,South of Market,37.77459108,-122.4186844,Private room,130,4,5,9/12/2017,0.22,2,0
16017966,Perfect for business travelers and tourists,6680334,João,,South of Market,37.77634225,-122.4140733,Private room,133,2,103,4/1/2018,6.27,3,13
3355334,Industrial Chic in the heart of San Francisco,6680334,João,,South of Market,37.77618998,-122.4140652,Private room,150,2,17,3/23/2018,1.03,3,0
19893709,Master bdrm w/ private bath in central artist loft,6794679,Ashley,,South of Market,37.77578474,-122.4005406,Private room,105,1,54,3/27/2018,6.38,3,36
4558898,"Ensuite in Instagram Dream in the Clouds, 270°View",10234050,Jane,,South of Market,37.77593283,-122.4141963,Private room,176,1,37,4/3/2018,5.69,2,130
2007101,SoMa Luxury Get Away! 1 Bedroom 2 Bed Condo,10330912,Yuliya,,South of Market,37.78018909,-122.406009,Entire home/apt,600,3,23,2/13/2018,0.44,1,10
21550910,Large spacious multi-level loft in South of Market,14345857,Samantha,,South of Market,37.77574928,-122.4123977,Private room,150,1,11,3/24/2018,2.2,1,21
6299485,"Bright, fun loft townhouse in SOMA",14409563,Mohamed,,South of Market,37.77576707,-122.4086661,Entire home/apt,250,5,29,3/23/2018,0.83,1,52
3183280,Spacious modern loft with city view,16139391,Aruna,,South of Market,37.77630771,-122.3950558,Entire home/apt,375,30,35,7/14/2017,0.77,1,27
3780418,Modern Studio w/Quiet Courtyard,16440881,Raveevarn,,South of Market,37.77576471,-122.4154915,Entire home/apt,170,2,258,3/28/2018,5.89,1,211
22342735,Luxury 10th Floor 2B 2BA w/ View + Gym (KING beds),20822159,Diana,,South of Market,37.77422305,-122.3946066,Entire home/apt,398,2,1,4/1/2018,1,1,0
22569379,Stunning SoMa Loft,21462943,Tony,,South of Market,37.77834788,-122.4048046,Private room,349,1,2,3/18/2018,0.69,1,3
22886882,Perfect location! Spacious room with private bath,28267295,Ej,,South of Market,37.77411298,-122.3958698,Private room,110,1,11,3/31/2018,4.78,1,52
14606464,"Comfortable apartment in SoMa, SF w/parking",30201630,Komal,,South of Market,37.77971301,-122.3953637,Entire home/apt,150,30,1,10/14/2017,0.17,1,0
6910758,Spacious Shared Loft in SoMa,30920210,Bradford,,South of Market,37.77524411,-122.4075058,Shared room,99,1,269,4/3/2018,7.94,1,107
21140004,Dazzling SoMa Getaway,31106824,Kaylah,,South of Market,37.77230018,-122.4037364,Entire home/apt,295,1,1,3/24/2018,1,3,14
7399805,"Newly Remodeled, Refreshed, and Recharged SOMA!",35477760,Reginald,,South of Market,37.77787646,-122.4037208,Entire home/apt,300,4,12,1/12/2018,0.37,1,0
8322874,Redwood hideaway in the heart of the city,43875507,Bobby,,South of Market,37.77025455,-122.4131944,Entire home/apt,175,2,25,4/1/2018,0.8,1,20
23686008,View of Bay Bridge (near AT&T Park),50989743,Grace,,South of Market,37.78311328,-122.3892883,Entire home/apt,334,1,1,3/23/2018,1,1,30
21448455,"Modern Zen Oasis, blocks away from downtown",67381792,Alda,,South of Market,37.78342549,-122.3984857,Entire home/apt,695,30,17,3/21/2018,3.42,1,159
14534438,Private Room & Bath in High Rise Flat near station,68433775,Jane,,South of Market,37.77767886,-122.4157608,Private room,119,1,53,3/23/2018,2.8,2,47
14548497,Soma Ballpark Place Private Room,81009974,Lisa,,South of Market,37.78195304,-122.3957124,Private room,97,1,52,10/1/2017,2.61,2,123
14234871,Close to downtown/financial district of SF,86554675,John,,South of Market,37.78076265,-122.4079031,Entire home/apt,150,30,47,3/12/2018,2.32,1,111
20217846,Luxury Private Room in the ❤️ of San Francisco,128169944,Amy,,South of Market,37.7760968,-122.4156511,Private room,99,1,15,3/24/2018,2.17,3,260
24013866,Business Suite (PRIVATE BATH) near Moscone in SOMA,173425402,Niels,,South of Market,37.77969232,-122.3967151,Private room,95,5,1,4/1/2018,1,1,46
24098066,FANCY 2 BEDROOM IN SOMA / DOWNTOWN,181361223,Evan,,South of Market,37.77850753,-122.407655,Private room,65,1,0,,,5,259
24092731,FANCY MASTER BEDROOM IN SOMA / DOWNTOWN,181361223,Evan,,South of Market,37.77870231,-122.4096611,Private room,85,1,0,,,5,262
2968738,Fantastic Flat with City Views,140461,Joshua,,Twin Peaks,37.7578597,-122.4465167,Entire home/apt,499,1,61,2/24/2018,1.31,2,32
2950592,3 Bed/2 Bath Serene Home with Parking,243725,Alex,,Twin Peaks,37.75463183,-122.452759,Entire home/apt,395,4,1,3/24/2018,1,1,62
3290706,"Romantic 1BD w/ patio, parking",781710,Susana,,Twin Peaks,37.7517748,-122.4508396,Entire home/apt,129,3,78,3/15/2018,1.79,1,140
6430646,"Room in Elegant, Private, Serene House with Beautiful Furnishings",4098848,David,,Twin Peaks,37.75772921,-122.4450277,Private room,115,2,149,3/31/2018,4.27,1,134
12270048,Private studio with bathroom + free street parking,16217835,Krystyna,,Twin Peaks,37.75265924,-122.4529265,Private room,90,2,77,4/5/2018,4.17,1,0
5547500,"1 PVT BR & BA, Castro w/ Views, Market St Retreat",23071835,Jason,,Twin Peaks,37.75708858,-122.4432266,Private room,119,1,171,3/24/2018,5.29,3,299
6643496,"Private room, bath & entrance",25709934,Don,,Twin Peaks,37.74694092,-122.4485802,Private room,150,3,111,3/25/2018,3.21,1,268
14595848,Amazing view from lux 1 bedroom apt,32716659,Steven,,Twin Peaks,37.74789461,-122.4448875,Entire home/apt,150,2,92,3/15/2018,4.68,1,64
9416254,Quiet Suite with Separate Entrance and Living Room,37842344,David,,Twin Peaks,37.75715574,-122.4455733,Private room,100,2,13,3/28/2018,2.95,1,63
14775913,Twin Peaks charm,48003274,Voytek,,Twin Peaks,37.74826585,-122.4502784,Entire home/apt,275,3,38,2/25/2018,2.01,1,235
22193996,"Spacious Private Guest Suite, Bath & Kitchenette",93566314,Felix,,Twin Peaks,37.74812156,-122.4492437,Entire home/apt,95,2,25,4/3/2018,7.35,1,28
8210662,"New, quiet, sunny SF home: Intern, biz, fam ready!",230916,John+Abby,,Visitacion Valley,37.71555449,-122.3994012,Entire home/apt,200,30,91,9/9/2017,2.92,1,340
21425660,Large Private Suite and Bedroom in SF,18349219,Clint,,Visitacion Valley,37.72120043,-122.4021146,Entire home/apt,115,2,36,4/2/2018,6.71,1,35
15939487,[F] Cute Little Studio in SF,22267913,Henry,,Visitacion Valley,37.71959076,-122.3998494,Entire home/apt,60,1,11,8/31/2017,0.71,12,332
14205598,"Private Studio W/ Private Bath, Kitchen, & Parking",25081707,Alex & Eli,,Visitacion Valley,37.72100328,-122.4102371,Private room,98,1,138,3/25/2018,6.83,1,85
19891811,SF skyline of the top floor room 3bed(+1)/1baths.,32018871,Charles,,Visitacion Valley,37.71975309,-122.4017795,Entire home/apt,180,30,26,1/11/2018,3.04,1,342
8155586,House with Beautiful City View,39041682,Kevin (Or Jose),,Visitacion Valley,37.72213046,-122.4063246,Private room,410,3,55,3/18/2018,1.8,2,30
11306396,A cozy  unit in San Francisco,57068872,Echo,,Visitacion Valley,37.710476,-122.3985315,Entire home/apt,89,2,84,3/23/2018,3.35,1,199
20695197,NEW Luxurious & Bright Couples Get-Away,110241852,Angie,,Visitacion Valley,37.7045156,-122.4176281,Entire home/apt,130,1,23,4/4/2018,4.93,3,123
19914410,New private studio with private bath (Harkness),112189739,Kenneth And Vienna,,Visitacion Valley,37.71845331,-122.4039606,Private room,70,1,49,3/24/2018,5.63,2,362
17388446,Family Friendly Home Only 15 mins from Downtown SF,117541936,Alex,,Visitacion Valley,37.7078105,-122.4161595,Entire home/apt,200,2,40,3/29/2018,3.02,2,43
17389591,Cheap & Cheerful Apartment Mins From Downtown SF!,117541936,Alex,,Visitacion Valley,37.70638736,-122.415997,Entire home/apt,75,2,62,4/1/2018,4.83,2,57
24132864,Spacious Home Perfect for Groups & Biz Trips,118436227,Jason,,Visitacion Valley,37.70669467,-122.4181232,Entire home/apt,500,1,0,,,6,133
8339,Historic Alamo Square Victorian,24215,Rosy,,Western Addition,37.77524859,-122.4363737,Entire home/apt,575,5,26,11/10/2017,0.25,2,89
8567,Lovely 2BR flat Great Location ,25601,Sandy,,Western Addition,37.78470745,-122.4455543,Entire home/apt,255,2,27,8/12/2017,0.26,1,26
8209055,Classic & Lovely Pac Heights Studio,107051,Chloe,,Western Addition,37.78834967,-122.4283342,Entire home/apt,150,4,34,2/26/2018,1.4,1,54
443908,"CALEF HOUSE Rm 1, Large Priv Rm in Beaut SF Vict",109045,Ronda,,Western Addition,37.78705762,-122.4290772,Private room,140,2,36,2/18/2018,0.5,3,353
939407,"Bright, Modern Condo near Alamo Sq",164640,Eric,,Western Addition,37.77739804,-122.4325189,Entire home/apt,850,4,15,3/25/2018,0.29,1,361
1651228,Room in Modern Victorian 2BR Apartment with Light-Filled Library,172177,Tim,,Western Addition,37.78481832,-122.4413646,Private room,240,2,17,3/30/2018,0.31,2,325
45956,Private Room  Heart of City --The Silver Room,202591,Jose,,Western Addition,37.7724811,-122.4301613,Private room,105,3,41,3/31/2018,0.61,3,102
456568,Private Large Room in Hayes Valley - Gold Room,202591,Jose,,Western Addition,37.77345501,-122.4291722,Private room,89,3,20,4/2/2018,0.3,3,83
6257770,"Spacious, convenient, comfortable.",285583,Aaron,,Western Addition,37.77585214,-122.4264123,Entire home/apt,255,30,49,3/3/2018,1.4,1,91
211141,"Casa Encanto: Fab Views, Heart of SF (30 day book)",586226,Jen,,Western Addition,37.78125053,-122.4426149,Entire home/apt,189,25,12,3/31/2018,0.17,1,242
3890704,"Charming Hayes Valley Vict. Flat 2brms,3bth",880855,Tony,,Western Addition,37.77089668,-122.4285368,Entire home/apt,140,30,27,12/22/2017,0.67,2,338
1711403,"3 BDS, Shared Space, Mini Artist Loft!",1110789,Np,,Western Addition,37.78255349,-122.4439364,Shared room,85,5,93,3/7/2018,1.71,2,191
1121697,Gorgeous Full-Floor Victorian Flat,1126796,Giancarlo,,Western Addition,37.77803972,-122.4308408,Entire home/apt,500,30,62,12/9/2017,1.99,2,354
218567,Balcony on Fillmore Street +Parking,1130612,Marin,,Western Addition,37.78594365,-122.4321929,Entire home/apt,240,30,88,3/7/2018,1.1,1,284
11636621,Exclusive Victorian Charm,1423294,Tan,,Western Addition,37.78609246,-122.4288507,Entire home/apt,220,3,0,,,2,142
1304808,"Quiet, Colorful Modern Apartment with Garden Patio",1448685,Tom,,Western Addition,37.7737595,-122.4273353,Entire home/apt,210,30,74,3/5/2018,1.55,1,30
13788749,Victorian Pure & Simple Room to Relax Comfortably,1666254,Kandle,,Western Addition,37.77796187,-122.4318567,Private room,75,1,170,3/29/2018,8.01,2,79
21882962,Charming Victorian in the heart of Hayes Valley,1718848,Shahed,,Western Addition,37.777269,-122.4263998,Entire home/apt,219,4,1,11/26/2017,0.23,1,0
4183088,"Luxurious, Sunny Victorian - Alamo Square",1792703,Tom & Beth,,Western Addition,37.7783696,-122.4344165,Entire home/apt,1100,2,10,11/9/2017,0.31,2,152
9489347,Nopa Victorian,2116156,Rob,,Western Addition,37.77838942,-122.4433692,Entire home/apt,180,3,81,3/22/2018,2.99,1,317
1614622,Great for business travelers - NOPA,2343472,Sal,,Western Addition,37.78045102,-122.4454123,Private room,180,1,47,3/24/2018,0.85,2,359
4093013,Cozy Victorian Home - 2 BR / 2 BATH,2343472,Sal,,Western Addition,37.77851942,-122.4424702,Entire home/apt,1000,1,3,8/12/2015,0.07,2,363
1907229,AMAZING LOCATION + SPACE + LUXURY!,2345833,Raj,,Western Addition,37.78636612,-122.4379296,Entire home/apt,450,1,100,3/31/2018,1.88,1,247
4566275,Spacious Modern 2 Bed 2 Bath&Yard,2496223,Tobey,,Western Addition,37.77851578,-122.4410876,Entire home/apt,300,1,139,3/31/2018,5.55,1,284
6628985,Classic Studio in Lower Pac Height,2686174,Sylvie,,Western Addition,37.78472301,-122.4466628,Private room,95,4,103,3/14/2018,3.07,1,17
11674092,"1,000 sq ft Hip Hayes Valley penthouse condo",2716741,Nancy,,Western Addition,37.77418856,-122.4294364,Entire home/apt,220,3,19,3/24/2018,1,1,322
7290262,Lower Haight Victorian Rooms,2929255,Trevor,,Western Addition,37.7699722,-122.4297729,Private room,95,2,139,3/31/2018,4.26,2,228
808919,Cozy Victorian in Alamo Square Area,3022475,Susan,,Western Addition,37.77699843,-122.4368067,Private room,110,3,43,3/25/2018,1.32,3,26
2746118,Private room and bathroom in NOPA,3897525,Julie & Jérôme,,Western Addition,37.77738152,-122.4400775,Private room,110,2,61,3/9/2018,1.35,1,0
22911824,Well-located spacious 4br/1ba condo in Hayesvalley,4036679,Ian,,Western Addition,37.77561545,-122.426986,Entire home/apt,400,5,0,,,1,0
4718531,Beautiful Little Room in Victorian,4271298,Mike,,Western Addition,37.77836156,-122.431235,Private room,110,2,236,3/26/2018,5.88,3,146
4875549,Legendary Room in Great House,4271298,Mike,,Western Addition,37.77599806,-122.4296349,Private room,145,2,16,3/26/2018,0.45,3,63
4833101,Nice Guest Room in Historic House,4271298,Mike,,Western Addition,37.7766754,-122.429621,Private room,120,2,142,3/21/2018,3.57,3,147
22754295,Sun soaked flat in the Lower Haight,4389720,Elliot,,Western Addition,37.77223215,-122.435995,Entire home/apt,325,3,3,3/24/2018,2.65,3,10
5852599,Big Victorian Flat At Alamo Square,5138559,Paul,,Western Addition,37.77650757,-122.4372043,Entire home/apt,300,3,38,1/20/2018,1.68,2,24
10418322,Warm Victorian Room by Alamo Square,5151338,Belinda,,Western Addition,37.77919737,-122.4353294,Private room,98,2,107,3/23/2018,4.29,1,38
18266165,Light-filled two bedroom suite with private bath,5222270,Bridgett,,Western Addition,37.77027297,-122.4352034,Private room,250,3,15,3/23/2018,1.4,1,56
7343245,Italianate Victorian,5694640,Susan,,Western Addition,37.78689115,-122.4388914,Entire home/apt,800,3,58,3/31/2018,1.77,1,228
9491760,In the heart of San Francisco,6779774,Joe,,Western Addition,37.78562556,-122.4259366,Entire home/apt,279,4,15,1/7/2018,0.54,1,3
17776449,Colorful Spacious Bedroom Suite with Home Office,9541214,Julian,,Western Addition,37.77844609,-122.4316584,Private room,130,2,24,3/26/2018,1.89,1,2
1914841,"Artist studio, garden apartment",9932058,John,,Western Addition,37.78017227,-122.4377082,Entire home/apt,156,5,94,3/17/2018,1.82,2,110
1917622,Bright NOPA Studio with Views,9942610,Scott,,Western Addition,37.78104165,-122.440031,Entire home/apt,215,2,38,3/29/2018,0.74,1,320
2088912,Victorian Retreat in PacificHeights,10662330,Brian,,Western Addition,37.78612524,-122.4369083,Private room,499,2,6,11/9/2017,0.2,1,0
2130640,Modern Spacious 3BR/2BA Victorian,10870100,Han Chyi And Choon Hong,,Western Addition,37.77004935,-122.4302464,Entire home/apt,350,2,13,2/24/2018,0.26,1,0
10089183,Simple Hayes Valley Suite,11887055,Robin,,Western Addition,37.77477241,-122.4251156,Entire home/apt,150,3,57,4/2/2018,2.1,1,49
21378928,Private room in a centrally located sunny SF condo,12401053,Dinesh,,Western Addition,37.77981267,-122.4407576,Private room,150,1,5,3/23/2018,1.01,1,185
2483759,"Centrally-located, Walk Anywhere!",12707660,Rob,,Western Addition,37.77688965,-122.4398761,Private room,95,1,47,11/12/2017,1,2,336
10427768,Room in the Heart of Hayes Valley,14001076,Meg,,Western Addition,37.77361526,-122.4259059,Private room,99,1,94,3/29/2018,3.57,1,0
2887744,VICTORIAN DREAM HOUSE W/ PARKING,14757827,Patricia & Pepijn,,Western Addition,37.77710822,-122.4429515,Entire home/apt,600,3,152,3/16/2018,3.39,2,111
6968158,Private floor in gorgeous renovated Victorian!,17986295,Catherine,,Western Addition,37.7784736,-122.4350218,Private room,138,2,117,3/23/2018,4.29,1,252
11760120,Hayes Valley Grand Home w/Parking,18408721,Liesl,,Western Addition,37.77438072,-122.4241315,Entire home/apt,1500,4,4,4/6/2017,0.19,1,0
7950588,Sweet self-contained guest suite,23742123,Brenda,,Western Addition,37.77524908,-122.431035,Private room,120,90,1,8/24/2015,0.03,1,281
18960888,Condo Oasis in SF downtown,24641943,Johanna,,Western Addition,37.77417475,-122.4265741,Entire home/apt,200,4,2,9/6/2017,0.22,2,9
9488665,Charming Victorian in Lower Haight,30597445,Dane,,Western Addition,37.773373,-122.4352942,Entire home/apt,750,3,27,3/27/2018,1.06,1,303
15269286,Clean and comfortable studio in historic Victorian,33460481,Colin,,Western Addition,37.78028571,-122.4344737,Entire home/apt,175,4,43,3/27/2018,2.38,1,29
7094961,Japanese Inspired Retreat in Hayes,36484160,Omondi,,Western Addition,37.77469734,-122.4250318,Entire home/apt,315,3,24,3/25/2018,1.16,1,3
7329545,Spacious Room with Garden View!,37842000,Sophia,,Western Addition,37.7867149,-122.4383545,Private room,149,1,106,4/1/2018,3.31,6,293
7227859,KING Room- Victorian Home,37842000,Sophia,,Western Addition,37.78611094,-122.4401923,Private room,134,1,115,3/30/2018,3.59,6,278
9295965,Private Room with separate entrance and full bath,48261523,Louisa,,Western Addition,37.78895088,-122.4318619,Private room,154,2,42,3/29/2018,2.07,1,326
10787814,Alamo Square 30 Days Rental,48972017,Judy,,Western Addition,37.77751124,-122.4364984,Entire home/apt,145,30,5,5/7/2017,0.24,2,342
19020731,"3-bedroom, 2-bath Victorian single-family in NoPA",61989120,Emily,,Western Addition,37.77692411,-122.4395013,Entire home/apt,390,7,3,12/30/2017,0.36,1,13
13635551,Petite Palace in Pacific Heights,69249358,Leena,,Western Addition,37.78432794,-122.4455934,Entire home/apt,200,2,29,3/3/2018,1.39,2,99
16924035,Private room in Charming Victorian,79189743,Mac,,Western Addition,37.7799823,-122.4390334,Private room,105,1,12,6/18/2017,0.85,1,15
19926911,modern large sunroom sf close to ggpark bridge,117841976,Paul,,Western Addition,37.77941524,-122.441189,Private room,59,1,22,3/13/2018,2.63,6,13
22814105,Private rm nr ggbridge and gg park 5 min central,117841976,Paul,,Western Addition,37.77884645,-122.4407859,Private room,59,1,1,1/28/2018,0.43,6,23
22987376,private room close to gg park and bridge 5 min dt,117841976,Paul,,Western Addition,37.7792517,-122.4412983,Private room,95,1,1,3/19/2018,1,6,19
18777830,Lovely Classic SF 1bdr - Great Central Location!,130653106,Ananth,,Western Addition,37.78293853,-122.4310277,Entire home/apt,199,3,9,10/3/2017,0.9,1,195
23567834,Awesome new 1 bedroom en suite on Duboce Park!,135551998,Terry,,Western Addition,37.76963384,-122.432961,Entire home/apt,120,2,3,4/3/2018,3,1,80
21058406,"SF Victorian ""Atelier"" in Lower Pacific Heights",151678051,Ulrich,,Western Addition,37.78597004,-122.4454893,Entire home/apt,100,2,24,4/4/2018,3.75,1,4
23963992,Breathtaking Views Steps from Alamo Square,152980706,Jon & Abbey,,Western Addition,37.77805779,-122.4372122,Entire home/apt,450,3,0,,,2,23
21612268,Beautiful Victorian Flat- Sunset Room,154400045,Kirk,,Western Addition,37.77173756,-122.4369091,Private room,200,1,3,3/22/2018,1.02,3,163
22309220,Beautiful Victorian Flat- Street Side,154400045,Kirk,,Western Addition,37.77263792,-122.4363517,Private room,100,1,2,3/30/2018,2,3,162
23773339,California King,160591574,Jack,,Western Addition,37.78686601,-122.4467384,Private room,499,1,0,,,3,233
22163434,Queen + Twin Room - Private Bath.,160591574,Jack,,Western Addition,37.78679738,-122.4457094,Private room,399,1,0,,,3,188
22615137,PRISTINE Central Hayes Valley CONDO/BUSINESS READY,166447017,Rob,,Western Addition,37.77230403,-122.4254244,Entire home/apt,300,2,9,4/2/2018,4.58,2,55
20563658,Lovely Garden Apartment in West Portal,162565,Rishi,,West of Twin Peaks,37.74253376,-122.4645096,Entire home/apt,165,3,29,4/4/2018,3.9,1,17
2413882,Family Friendly Spacious 4BD House,1415579,Amelie,,West of Twin Peaks,37.73498247,-122.4498506,Entire home/apt,280,2,10,3/31/2018,0.2,1,16
13357698,Large family friendly house in SF w/stunning views,2645901,Jeremy & Laura,,West of Twin Peaks,37.72944589,-122.453476,Entire home/apt,700,4,4,11/10/2017,0.19,2,15
1785463,Burgundy Room: OceanView+Breakfast+Parking+3 baths,5565510,Lulu,,West of Twin Peaks,37.73400879,-122.4647491,Private room,47,2,117,3/27/2018,2.15,5,354
1125079,Brown Bedroom: Ocean View+Breakfast+Parking+3 bath,5565510,Lulu,,West of Twin Peaks,37.73446387,-122.4645464,Private room,49,2,96,4/1/2018,1.62,5,355
1014016,Peaceful+Ocean view+Private bath+Breakfast+Parking,5565510,Lulu,,West of Twin Peaks,37.73420225,-122.4644925,Private room,60,2,27,4/1/2018,0.45,5,52
21765928,Private Guest Suite - Business or Family Travel,6558128,Caroline,,West of Twin Peaks,37.7413476,-122.4642565,Entire home/apt,250,1,21,3/21/2018,6.36,1,125
1641060,Perfect West Portal Private Suite! ,6869592,Sharon,,West of Twin Peaks,37.73931556,-122.4621113,Entire home/apt,225,3,48,11/9/2017,0.88,2,276
4856290,2BR&1.5Bath+a Shared Secret Room❣❣❣,12849180,Sahar,,West of Twin Peaks,37.74471239,-122.4531373,Private room,250,30,1,8/14/2017,0.13,4,364
19747001,Room with a view!,27104005,John,,West of Twin Peaks,37.73957806,-122.4495579,Private room,75,2,6,3/22/2018,0.76,1,0
6423158,Mediterranean style private studio,33511564,Alice,,West of Twin Peaks,37.73130338,-122.4615201,Entire home/apt,139,2,207,4/4/2018,5.92,1,272
23684906,Pacific Ocean Stunning Views Single House,47414363,Lilia,,West of Twin Peaks,37.7395557,-122.4608964,Entire home/apt,400,2,0,,,1,314
10333567,K's Place,53177503,Catherine,,West of Twin Peaks,37.72398069,-122.4563677,Private room,90,2,44,3/11/2018,2.46,1,286
18449966,A real gem in San Francis Wood/ West Portal area,59100474,Natasha,,West of Twin Peaks,37.737156,-122.461998,Private room,150,2,18,3/26/2018,1.62,2,241
18139592,Peaceful West Portal Home Perfect for Families,89194047,Mary,,West of Twin Peaks,37.7430253,-122.4627056,Entire home/apt,225,3,1,7/9/2017,0.11,1,0
15005046,"1 BD beauty w/pkg, 15 min to dwnt",94659320,Irina And Gregory,,West of Twin Peaks,37.73329467,-122.4583484,Entire home/apt,180,2,119,3/27/2018,6.31,1,47
16480847,Cloud360,108195813,Michele,,West of Twin Peaks,37.73551912,-122.4519304,Entire home/apt,97,1,68,3/24/2018,4.42,1,18
20762414,Upscale Neighborhood w/parking,108691284,Nadya,,West of Twin Peaks,37.74486291,-122.4568293,Entire home/apt,340,1,40,4/1/2018,6.12,1,239
22217311,Classic SF Home w / Privacy and Backyard,162344725,Leasing,,West of Twin Peaks,37.73036881,-122.4571235,Private room,255,3,2,2/23/2018,1.02,1,75
23075592,Private Room in SF: KT/Muni 50ft/City 15 min etc,26882273,Wooyeon,,Bayview,37.72203541,-122.3922069,Private room,44,1,7,3/14/2018,3.56,1,16
23025299,Your Cozy/Private Bedroom & Bathroom in SF     [A],170765678,Rachel,,Outer Mission,37.71164916,-122.4497111,Private room,79,1,7,4/3/2018,4.77,2,304
9837993,Pacific Heights Pad,50661889,Donald,,Pacific Heights,37.7907715,-122.4397327,Entire home/apt,185,3,33,3/27/2018,1.25,1,68
16710475,Quiet BR w/Private Bath & Entrance,14818517,Aliah,,Potrero Hill,37.75993709,-122.3989888,Private room,150,1,21,3/9/2018,1.65,2,301
6080799,"Beach house, surfers paradise",15672384,Sara,,Outer Sunset,37.74671336,-122.5066792,Private room,95,2,43,9/29/2017,2.04,1,128
17434665,Large Modern Studio in Great Neighborhood,32614449,Steve,,West of Twin Peaks,37.74224402,-122.4583845,Entire home/apt,160,4,48,3/31/2018,3.88,1,274
3031766,Beautiful 3 bedroom oasis next to USF and GG Park,7828423,Valeria,,Inner Richmond,37.77857898,-122.4633221,Entire home/apt,390,3,4,8/9/2017,0.09,2,46
21385697,Private room & study with lots of space,50863558,Keisha,,Bayview,37.73421981,-122.3918649,Private room,59,1,22,4/4/2018,4.26,1,60
3985406,Sunny Visitacion Valley SF next to McLaren Park,20593383,Brian And Narumon,,Visitacion Valley,37.71556512,-122.4100687,Entire home/apt,80,2,27,3/31/2018,5.23,1,17
4653022,Great Rm in A Happy House San Fran,1620468,Carla,,Bayview,37.73416169,-122.3919795,Private room,77,1,18,4/3/2018,0.47,3,308
10517693,Newly Renovated Spacious Studio,38351936,Arcene,,Noe Valley,37.75218425,-122.4419707,Entire home/apt,117,2,150,3/22/2018,5.73,1,187
17670655,Work/Leisure 10 min walk from BART in Glen Park,445716,Andrea,,Glen Park,37.73633315,-122.4319889,Entire home/apt,200,3,14,2/26/2018,1.33,1,13
9346814,Noe Valley Studio,42922912,Anna,,Noe Valley,37.74934509,-122.4283794,Entire home/apt,250,4,10,3/23/2018,0.53,2,249
19720449,Modern Two Bedroom in Bernal Heights,5977527,Emily,,Bernal Heights,37.74567712,-122.411197,Entire home/apt,220,3,23,4/6/2018,7.11,1,54
23906508,Amazing Modern Quirky Unit in Southern Hill Area,20734176,Edwin,,Crocker Amazon,37.70646595,-122.4292674,Entire home/apt,165,2,0,,,1,232
14773074,Spacious and Chill Luxury in the Heart of SF!,594358,Josh,,South of Market,37.77678599,-122.4143818,Private room,89,3,32,3/30/2018,2.39,1,8
20757371,Luxury SoMa Getaway,31106824,Kaylah,,South of Market,37.77322967,-122.4041375,Private room,130,1,61,4/4/2018,8.47,3,34
23054267,Luxury 1x1 in 2x2 in the ❤️ of San Francisco,128169944,Amy,,South of Market,37.7778317,-122.4144835,Private room,99,1,5,3/22/2018,3.41,3,323
4251491,Room in the heart of SF,20130105,Clark,,Nob Hill,37.7966065,-122.4124866,Private room,79,1,149,3/19/2018,3.51,3,74
12253459,Private Mission Bed and Bath,7231087,Graham,,Mission,37.7486287,-122.4165221,Private room,79,1,8,6/30/2017,0.57,4,0
23313045,Stratford Hotel Room Queen,173206762,Stratford,,Downtown/Civic Center,37.78600815,-122.4073038,Private room,79,1,1,3/10/2018,1,63,0
23271623,Stratford Hotel Room Queen,173206762,Stratford,,Downtown/Civic Center,37.78761087,-122.4069555,Private room,79,1,0,,,63,1
23312824,Stratford Hotel Room Queen,173206762,Stratford,,Downtown/Civic Center,37.78658656,-122.4090029,Private room,79,1,0,,,63,0
11190379,Private Telegraph Hill Oasis Home,4152724,Phillip,,North Beach,37.80227702,-122.4069061,Entire home/apt,700,3,27,2/26/2018,1.13,1,96
8240198,Spacious Light-filled Room in the Heart of Mission,26859460,Eliana,,Mission,37.75052178,-122.4166023,Private room,100,1,0,,,2,63
23551016,Stratford Hotel Room Full,173206762,Stratford,,Downtown/Civic Center,37.78818325,-122.408898,Private room,69,1,2,3/17/2018,2,63,1
21445848,Ritz Carlton Apartment SF,2765396,Gareth,,Financial District,37.78939722,-122.4028955,Entire home/apt,500,4,0,,,1,0
23552008,Stratford Hotel Room Full,173206762,Stratford,,Downtown/Civic Center,37.78770954,-122.407294,Private room,69,1,0,,,63,5
23312702,Stratford Hotel Room Full,173206762,Stratford,,Downtown/Civic Center,37.78728151,-122.4069138,Private room,79,1,0,,,63,0
21492682,3B - Private Bedroom near Daly City Subway and SFO,94282453,Kimberly,,Ocean View,37.70701692,-122.4631994,Private room,60,1,17,3/24/2018,3.19,9,140
23634520,Stratford Hotel Twin/Twin,173206762,Stratford,,Downtown/Civic Center,37.78786931,-122.4081709,Private room,75,1,0,,,63,1
23598670,Peaceful Purple Penthouse & SF View (West Wing),5164758,Mark & Denise,,Western Addition,37.77735741,-122.4298577,Private room,255,2,1,3/10/2018,1,1,257
6544530,Modern 2Floor 2BR by Dolores Park,2436725,Jeff,,Castro/Upper Market,37.76013765,-122.4321301,Entire home/apt,399,5,19,9/1/2017,0.58,2,0
1633126,Gorgeous & quiet apartment on a San Francisco hill,2712969,Fesh,,Excelsior,37.73100622,-122.4228963,Entire home/apt,139,3,24,3/19/2018,1.19,1,61
15855837,"Classy, open, great for families/groups of friends",17531615,David,,Castro/Upper Market,37.76924693,-122.4307692,Entire home/apt,290,4,8,2/18/2018,0.48,2,0
9156193,Central USq Timeshare/Hotel Studio,6346492,Dana,,Downtown/Civic Center,37.78696648,-122.4096087,Private room,180,2,2,9/21/2016,0.07,29,0
22928933,SOMA CONDO Room Share,127422643,Bill,,South of Market,37.77580791,-122.4077089,Private room,130,3,0,,,2,126
4527553,"Gorgeous Victorian, Trendy Mission",1502207,Yaella,,Mission,37.75418875,-122.4158975,Entire home/apt,290,2,50,3/24/2018,1.26,2,268
5196195,Modern Studio in San Francisco,26653520,Annie,,Outer Mission,37.70517498,-122.4573389,Private room,99,2,47,2/5/2018,1.35,6,246
17518933,Double Room R-6  with Shared Bath,50160697,Virgilio,,Downtown/Civic Center,37.78574568,-122.4146008,Private room,95,2,22,3/14/2018,2.08,8,195
17807120,Cozy one bedroom home in San Francisco,1965033,Wendy,,Crocker Amazon,37.71425792,-122.4407117,Entire home/apt,84,2,16,4/1/2018,1.42,1,0
11605954,SF 3 bedroom 1.5 bath apartment w/views & parking,7895922,Rich And Rose,,West of Twin Peaks,37.72886797,-122.4621268,Entire home/apt,385,2,26,11/26/2017,1.14,2,316
22770606,Bohemian Brick and Timber loft in Dogpatch,5255063,William,,Potrero Hill,37.75801355,-122.3916081,Entire home/apt,500,1,1,3/29/2018,1,1,10
22308639,"Brand New Luxury Flat, Full Kitchen, Easy Parking",8551269,Joe,,Potrero Hill,37.75971259,-122.4006496,Entire home/apt,425,2,7,3/15/2018,2.04,2,42
5850037,Bright and Sunny Mission Apartment,3589289,Laurel,,Mission,37.75765729,-122.4113159,Entire home/apt,215,3,47,4/2/2018,1.35,1,96
19594008,Renovated Victorian Home with Secluded Front Yard,4173587,Ilya,,Presidio Heights,37.78321886,-122.4504993,Entire home/apt,249,30,31,1/14/2018,3.46,2,31
19159149,"Remodel, Private Bath, 200M WIFI, Passcode CheckIn",23900667,Xin,,Ocean View,37.71439095,-122.4655419,Private room,85,30,39,1/29/2018,3.91,2,25
18814432,1BR unit close to Moscone,57288379,Jenny,,South of Market,37.77799769,-122.4041377,Entire home/apt,160,30,0,,,1,280
19019187,Private Large Bedroom in San Francisco Landmark,132710331,Anastasia / Ana,,Pacific Heights,37.7904842,-122.4302513,Private room,150,2,7,3/18/2018,1.14,3,0
18900408,Great Mission District one bedroom apartment,131717087,Henry,,Mission,37.76176727,-122.417067,Private room,159,30,8,1/14/2018,0.85,1,45
18489177,Luxurious living on McLaren Park,128275237,Kevin,,Visitacion Valley,37.71275511,-122.4143578,Entire home/apt,145,3,16,10/29/2017,1.59,2,208
15771352,"Parking & Laundry, Cozy & Close to the freeway",101986074,Margarita,,Bernal Heights,37.7471599,-122.4106089,Entire home/apt,199,30,10,9/8/2017,0.65,2,140
15735313,"Modern, 2 bedrooms in most desirable area of SF",32891611,Petra,,Potrero Hill,37.76207355,-122.4045597,Entire home/apt,285,30,19,8/12/2017,1.1,2,64
20724784,Luxury Tudor  on Telegraph Hill,148406261,Charles,,North Beach,37.80255447,-122.4077074,Private room,350,30,0,,,1,365
15602145,Private room in charming apartment,906727,Elizabeth,,Inner Richmond,37.78543402,-122.4702842,Private room,59,30,2,11/17/2016,0.12,2,89
20671819,roomC Queen bed between SFO and Pier 39,104567752,Yingming,,Excelsior,37.71633251,-122.4318655,Private room,70,1,35,4/5/2018,4.84,3,315
15521441,Warm & Comfortable & San Francisco Style,2001297,Urs,,Mission,37.75940969,-122.408415,Private room,80,31,1,12/22/2016,0.06,6,265
19808652,inner richmond one bedroom one bath apt. w/pkg,139875070,Reggie,,Inner Richmond,37.77919554,-122.4697474,Entire home/apt,200,30,41,4/3/2018,4.77,1,261
15327674,Upscale 2 Bedroom/1.5 Bath with Private Entry,5138158,Barbara,,Inner Richmond,37.77653288,-122.473874,Entire home/apt,195,30,61,2/5/2018,3.36,1,147
19805832,Private Room - Private Bathroom near Dolores Park,139895521,Johnny,,Mission,37.76337538,-122.4208137,Private room,69,32,3,8/14/2017,0.37,2,304
14884457,"Private room(White)near CCSF, easy parking, quiet.",86083871,Kina,,West of Twin Peaks,37.72917777,-122.4566352,Private room,58,30,14,12/10/2017,0.73,4,280
14992192,#201 Private Room in Hostel-Style House in Bayview,27123550,Jacquelyn,,Bayview,37.73362524,-122.3875224,Private room,65,30,12,4/1/2018,0.64,2,246
15222045,Modern Master Suite/Private Bath. Work Desk. SOMA.,96416356,John,,South of Market,37.77496312,-122.3962432,Private room,129,30,22,3/17/2018,1.27,1,13
9717679,"Gorgeous,central,rooftop,spacious,private",11234411,Thomas,,Western Addition,37.7771761,-122.4309093,Private room,60,30,6,12/24/2017,0.27,1,151
14869325,"Private room(Red) near CCSF, easy parking, quiet.",86083871,Kina,,West of Twin Peaks,37.72767162,-122.4585765,Private room,58,30,4,2/3/2018,0.22,4,273
8964795,"Apartment near Twin Peaks, Amazing Views!",46851755,Otto,,Noe Valley,37.75053586,-122.4422492,Entire home/apt,25,30,62,12/16/2017,2.09,1,180
8926150,Remodeled 1 Bedroom-Great Location,46677062,Dave,,Nob Hill,37.79583665,-122.4104827,Entire home/apt,145,30,9,3/10/2018,0.3,1,313
9258941,Top Floor Spacious Mission Apartment,48004566,Ian,,Bernal Heights,37.74477754,-122.4214124,Entire home/apt,275,30,84,12/10/2017,2.92,1,167
9021715,Charming 1884 House Lr Pacific Hts,47100471,Remi,,Western Addition,37.78570003,-122.4446506,Entire home/apt,299,30,52,3/2/2018,1.74,1,329
9187534,Sunny Victorian Flat Mission District - Work/Play,3116172,Audry,,Bernal Heights,37.74647857,-122.4169694,Private room,169,30,118,1/14/2018,4.04,1,96
21267994,Views Of The Golden Gate! Classic SF Location!,153835745,Rj,,Marina,37.80501514,-122.433031,Entire home/apt,350,30,0,,,1,358
21802215,Luxury SF 4 Bedroom Home in Premier Location,154264786,Hoa,,Inner Richmond,37.7794502,-122.4569697,Entire home/apt,500,30,12,3/12/2018,2.63,2,269
17130200,Startup Bed,11186281,Francesca & Team,,South of Market,37.78188225,-122.4062163,Shared room,60,30,0,,,1,363
16806706,Luxe Stay Moscone/SoMa *,3605925,Tony,,South of Market,37.781202,-122.40627,Entire home/apt,160,30,25,1/10/2018,1.72,1,63
7914711,Champs Elysees,127367,Annette,,Mission,37.76178441,-122.422163,Entire home/apt,120,30,1,4/22/2017,0.09,20,310
4718898,Spacious 1 bedroom with Loft Office,24157036,Angela,,South of Market,37.77079269,-122.4215184,Entire home/apt,230,30,4,6/30/2016,0.12,2,349
9843279,Amazing 1 Bd in the Mission with Pool,1257432,Rebecca,,Mission,37.76676462,-122.4192121,Entire home/apt,150,30,8,10/15/2017,0.29,4,326
10207235,Heart of The Mission,52442894,Lisa,,Mission,37.75844059,-122.4067482,Entire home/apt,100,30,121,2/11/2018,4.8,2,234
9909627,Great Flat in Russian Hill,50955056,Holly,,Russian Hill,37.79921047,-122.42248,Entire home/apt,217,30,84,1/12/2018,3.1,1,352
1598872,Charming Victorian Flat ,8523981,Teresa,,Western Addition,37.77014511,-122.4292922,Entire home/apt,225,3,26,3/19/2018,0.47,1,0
1725833,"Sunny Waterfront Condo, South Beach",9095863,Deborah,,South of Market,37.78898574,-122.3893313,Entire home/apt,325,30,26,7/10/2017,0.47,1,365
1484792,Live like a San Franciscan!,5192660,Mario,,Downtown/Civic Center,37.7779462,-122.4217771,Entire home/apt,250,30,139,1/26/2018,2.54,1,237
6822748,Modern relaxing Nob Hill gem with balcony,1194121,Lana,,Nob Hill,37.79189711,-122.4189426,Entire home/apt,185,30,7,4/4/2018,1.35,1,146
6715383,Suite Retreat Plus Near SFO Sleep 4,10786181,Deborah,,Ocean View,37.72059116,-122.4521594,Entire home/apt,116,30,34,1/20/2018,1.25,3,335
1407881,Secluded Studio in Castro/Mission,1467308,The Cabinets,,Castro/Upper Market,37.76361252,-122.4306293,Entire home/apt,160,30,197,12/27/2017,3.48,1,0
5861266,SUPER Master Bed En-suite @GG Park,10829039,Viviane&Lele,,Inner Richmond,37.77527893,-122.4623292,Private room,200,30,17,11/7/2017,0.49,6,364
5657601,Luxury Linea Condo by SF Designer!,836168,Henry,,Western Addition,37.77075405,-122.4273452,Entire home/apt,150,30,7,3/22/2018,0.21,1,294
985813,Modern Bright Hayes,2732487,Bobby,,Western Addition,37.77480267,-122.4251667,Entire home/apt,297,30,7,12/8/2015,0.12,1,0
833149,Entire home/apt in San Francisco,4306242,Michael And Polina,,Inner Sunset,37.75941563,-122.4677048,Entire home/apt,104,30,11,6/6/2017,0.17,2,93
75423,Mission Outr Big Precious Roomy Room,305973,Maria,,Excelsior,37.73048025,-122.4249358,Private room,44,30,29,8/12/2017,0.34,11,263
69553,MISSION Outr BedRmU3+MinFridge,305973,Maria,,Excelsior,37.73128161,-122.424784,Private room,46,30,26,9/1/2017,0.31,11,326
2503408,Pac Heights dream flat w/ bay views,2378871,Leynete,,Pacific Heights,37.7940645,-122.4266063,Entire home/apt,200,30,25,12/8/2017,0.7,1,311
2436213,Private Bedroom / bath suite -quiet,6555530,Phyllis,,Outer Mission,37.73227034,-122.448198,Private room,90,30,21,5/30/2017,0.45,2,244
2310518,Giants & Beach Room @GoldenGatePark,10829039,Viviane&Lele,,Inner Richmond,37.77349011,-122.4660659,Private room,350,30,3,5/27/2014,0.06,6,365
2072098,Peaceful urban views to inspire,701268,Anita,,Potrero Hill,37.763856,-122.3960937,Entire home/apt,160,30,27,12/29/2017,0.54,1,0
1747531,Spacious Bright Room near UCSF/Golden Gate Park,6826768,Betânia,,Inner Sunset,37.75816165,-122.4627839,Private room,60,30,8,1/31/2018,0.8,1,42
1037198,home in the land of the wood,5710108,Stephanie,,Inner Sunset,37.76271493,-122.4526335,Entire home/apt,310,3,28,12/29/2017,0.48,1,77
9514196,Charming & private studio,46318172,Jeremy,,Western Addition,37.78886067,-122.4324118,Entire home/apt,425,2,5,11/9/2017,0.17,1,0
604843,Warm Comfortable Room & 2 Closets,2001297,Urs,,Mission,37.7602424,-122.4087959,Private room,80,31,6,8/19/2017,0.09,6,259
435391,Shelli's Student Home2(1 Month Min),576273,Shelli,,Chinatown,37.79478217,-122.4059171,Shared room,29,30,5,11/18/2016,0.08,6,284
274334,Newly remodeled clean/private bath,1434669,Ashli,,Outer Sunset,37.7534598,-122.5035849,Private room,70,30,49,12/1/2016,0.64,1,241
2665028,Luxury 1br loft   - 1400ft² ,13639675,Jon,,Mission,37.75781911,-122.4108124,Entire home/apt,180,17,24,3/12/2018,0.53,1,29
1003756,AIRBNB EMPLOYEES: 2Bdrm Flat + Great Views,3347282,Josh,,Potrero Hill,37.75963215,-122.4019155,Entire home/apt,262,2,9,11/10/2017,0.16,3,20
21797946,Contemporary Comfortable Penthouse- Business Ready,27975146,Nick,,Western Addition,37.77307563,-122.4311028,Entire home/apt,299,2,17,4/5/2018,5.26,1,59
11525500,"Sunny, roomy suite with deck, sauna",60770361,Pamela,,Outer Mission,37.72997433,-122.4482804,Entire home/apt,125,2,60,4/2/2018,2.39,1,196
3832296,"Spacious Inlaw w/ Private Entrance, Kitchen & LR",4722846,Michael,,Outer Mission,37.72829795,-122.4482613,Entire home/apt,150,3,99,3/24/2018,2.25,1,69
12176844,1912 Victorian With Epic Views Perched On Gardens,377744,Scott,,North Beach,37.79878042,-122.4035596,Entire home/apt,550,30,40,1/7/2018,1.78,1,145
3081324,"Spacious, Vibrant Top Floor Home Filled with Art",15679486,Carrie,,Glen Park,37.73422738,-122.431293,Entire home/apt,415,30,89,2/6/2018,1.92,1,170
20745195,Adorable Victorian - 3 beds for 3-6 people,32534976,Palmore,,Potrero Hill,37.75931044,-122.3967046,Private room,295,4,5,12/9/2017,0.78,3,259
7581918,A Marvel in Mount Davidson,39753874,Rani,,West of Twin Peaks,37.72866798,-122.4649568,Entire home/apt,115,2,129,3/18/2018,3.97,1,289
15605090,Naya's Private Room & Bath by GGP (shared kitchen),68432368,Brian,,Inner Sunset,37.76480415,-122.4693594,Private room,60,1,24,4/6/2018,1.4,3,155
7222704,Charming SF 1911 Studio,30610362,Dennis,,Outer Richmond,37.78286656,-122.4834628,Entire home/apt,105,2,176,3/31/2018,5.33,1,122
11122531,In-law unit in Quiet Noe Valley,3697779,Amanda,,Noe Valley,37.74417924,-122.4323338,Entire home/apt,146,1,178,4/4/2018,6.81,1,80
2274353,"Fast WiFi, work desks w monitors, Netflix Amzn HBO",11611747,Chris,,Outer Mission,37.72684746,-122.437393,Entire home/apt,137,2,169,3/18/2018,3.37,1,106
15334433,SEA CLIFFS - CHARMING THREE BEDROOM FLAT,87471225,Anya,,Outer Richmond,37.78547083,-122.4792212,Entire home/apt,175,30,5,1/1/2018,0.29,2,230
19570262,1920s renovated Craftsman charmer in Ingleside,14198656,Jean,,Ocean View,37.71892814,-122.4547801,Entire home/apt,165,5,0,,,1,12
16649876,Eclectic Artistic Garden Retreat/Licensed,48785800,Dawn,,Outer Mission,37.7303308,-122.4514204,Entire home/apt,165,1,56,4/3/2018,4.19,1,57
20227654,Large Pet-Friendly 2BR San Francisco Flat w/Deck,86748234,Evolve Vacation Rental,,Noe Valley,37.75170908,-122.4262205,Entire home/apt,268,5,1,12/5/2017,0.24,1,128
7715861,Ritz-Carlton Club San Francisco 2BR,30857973,Travel En,,Financial District,37.78930781,-122.4023084,Entire home/apt,825,4,1,4/17/2016,0.04,4,3
10393552,Studio at Donatello Hotel near Union Square,47514427,Jeff,,Downtown/Civic Center,37.78842427,-122.4101595,Entire home/apt,235,1,81,3/29/2018,3.47,15,84
23634727,Stratford Hotel Twin/Twin,173206762,Stratford,,Downtown/Civic Center,37.78654976,-122.4082239,Private room,75,1,1,3/14/2018,1,63,7
20483621,solo Mission get away,3115633,Anne,,Bernal Heights,37.74345962,-122.4235098,Private room,150,1,1,9/1/2017,0.14,1,0
12815012,modern architect built home bernal,3126302,Ivan,,Bernal Heights,37.74679437,-122.4049524,Entire home/apt,600,2,23,2/19/2018,1.08,1,62
14126085,Cute one bedroom in Cole Valley!,10969885,Jane,,Haight Ashbury,37.76659661,-122.4510759,Entire home/apt,140,2,55,2/20/2018,2.71,1,175
9608262,Quirky and quiet hideaway in Noe / Mission,49716827,Mike,,Noe Valley,37.74936681,-122.425087,Entire home/apt,168,2,17,3/2/2018,0.59,2,1
17237993,Drumset Room,2283942,Leon,,Mission,37.7513171,-122.4072058,Private room,69,1,39,3/14/2018,3.51,3,275
9471416,Victorian Master BR w Private Bath,48905746,Maria,,Noe Valley,37.74571003,-122.4302163,Private room,105,1,83,3/23/2018,3.4,4,148
1017799,"Garden View Inner Sunset, UCSF, Golden Gate Park",4670031,Kameh,,Inner Sunset,37.76042965,-122.4620326,Private room,75,1,89,3/12/2018,1.47,3,233
3830083,Beautiful CowHollow Private Bedroom,19714891,Michelle,,Marina,37.79875654,-122.4418423,Private room,108,2,129,3/24/2018,2.9,1,290
21300680,homestyle room available near public transportatio,154147468,Reginold,,Bayview,37.72602442,-122.3824566,Private room,65,7,0,,,1,0
21730649,180 Sq Ft Gorgeous furnished Private room,157074592,ALEX / Peihong,,Outer Richmond,37.77881477,-122.4954199,Private room,70,2,9,4/2/2018,2.78,5,93
17501002,Your SF adventure sojourn near Mission/Bernal,69222920,Amit,,Excelsior,37.72452805,-122.4169615,Entire home/apt,145,2,59,3/22/2018,5.16,1,18
3793678,Beautiful Garden 1BR Apartment,19480577,Trisha & Adam,,Outer Richmond,37.77443818,-122.487462,Entire home/apt,164,5,59,10/25/2017,1.32,1,297
23312729,Stratford Hotel Room Full,173206762,Stratford,,Downtown/Civic Center,37.7862668,-122.4085549,Private room,79,1,3,3/22/2018,3,63,0
23271162,Stratford Hotel Room Queen,173206762,Stratford,,Downtown/Civic Center,37.78616374,-122.4086718,Private room,79,1,0,,,63,6
23611950,Stratford Hotel Twin/Twin,173206762,Stratford,,Downtown/Civic Center,37.78747992,-122.408961,Private room,75,1,0,,,63,5
23551772,Stratford Hotel Room Full,173206762,Stratford,,Downtown/Civic Center,37.7878045,-122.4086815,Private room,69,1,2,3/16/2018,2,63,6
23312525,Stratford Hotel Room Full,173206762,Stratford,,Downtown/Civic Center,37.78767298,-122.408919,Private room,79,1,0,,,63,3
23313242,Stratford Hotel Room Queen,173206762,Stratford,,Downtown/Civic Center,37.78594757,-122.406819,Private room,79,1,0,,,63,0
23292919,Stratford Hotel Room Queen,173206762,Stratford,,Downtown/Civic Center,37.78775773,-122.4076212,Private room,79,1,0,,,63,3
1183521,QUEEN SIZE room (w King rm avail!),5929123,Andrea,,Outer Richmond,37.77657507,-122.4788229,Private room,100,2,211,3/10/2018,3.58,1,185
23293057,Stratford Hotel Room Queen,173206762,Stratford,,Downtown/Civic Center,37.78760213,-122.4075431,Private room,79,1,0,,,63,0
14049725,Casa de Paz (Entire home),36752,Teresa,,Bayview,37.7192346,-122.3959835,Entire home/apt,225,30,24,10/10/2017,1.61,1,364
7323097,Hudson on the Hill 2,127367,Annette,,Bayview,37.73841012,-122.3863641,Entire home/apt,120,30,3,4/21/2016,0.1,20,314
18584924,kid friendly quiet room w/ garage parking,312334,Amalia,,Bayview,37.73095134,-122.3872028,Private room,58,1,7,11/11/2017,0.64,2,41
22693396,"New York Room at Bliss, Shared bath",1258368,Faiz,,Bayview,37.7311256,-122.3881064,Private room,50,1,4,3/2/2018,1.88,5,0
22536187,Sunny Town-home in Vibrant Bayview District,2669778,Darren,,Bayview,37.73825705,-122.3909887,Entire home/apt,300,3,0,,,3,123
22422838,Nice Clean Private Room in Bayview District,2669778,Darren,,Bayview,37.73845198,-122.3911983,Private room,100,2,13,4/5/2018,4.53,3,123
10930490,Private Suite with Sunny Bedroom,4123854,Devanshu,,Bayview,37.72001161,-122.3924901,Entire home/apt,85,2,128,11/25/2017,4.85,1,63
950094," Knockout Panoramic View, Fireplace",5153588,Gaylene,,Bayview,37.73407217,-122.3952662,Private room,89,29,46,8/22/2017,0.74,2,365
10023104,"[SF]Private Bath,fast WiFi,BART shuttle",7831112,William,,Bayview,37.71277012,-122.3959149,Private room,65,30,29,1/14/2018,1.05,1,63
19293864,Large Bedroom in 2 Bedroom Home - Blue,7896411,Michael,,Bayview,37.72006369,-122.3925756,Private room,90,2,17,3/26/2018,1.97,3,25
17592480,Happy & Sunny Bayview Living - North Bedroom ❤️,8371224,Albert,,Bayview,37.73506761,-122.3879957,Private room,91,2,62,3/25/2018,4.87,3,65
2263794,Happy & Sunny Bayview Living - South Bedroom ❤️,8371224,Albert,,Bayview,37.73582997,-122.3873741,Private room,95,2,61,3/24/2018,4.82,3,77
23522824,Home Away From Home Too! Room #4,17572711,James,,Bayview,37.7272102,-122.3854258,Private room,37,30,1,3/11/2018,1,4,61
23209264,"Relaxing and private, with views!",23741447,Linda,,Bayview,37.731786,-122.3873835,Entire home/apt,99,2,9,4/5/2018,7.94,1,24
23698833,"Large, Bright Garden studio w/ parking & backyard",29665662,Alina,,Bayview,37.72912524,-122.3838471,Entire home/apt,110,2,1,3/23/2018,1,2,29
11659966,Bedroon #2  Shared bathroom,45407614,Jasiel,,Bayview,37.72013986,-122.3934999,Private room,68,1,111,3/31/2018,4.43,4,307
10369307,"Modern style, classic SF house",53373733,Sean,,Bayview,37.73084908,-122.3966455,Entire home/apt,167,2,31,2/24/2018,1.26,2,4
12110830,Cozy in-law apartment in SF home,64946886,Zoila,,Bayview,37.72051657,-122.391513,Entire home/apt,108,1,43,1/12/2018,1.79,1,159
19915617,Private & Quiet Room/Bathroom w Private Entrance,74398095,Sabina,,Bayview,37.73407036,-122.3991965,Private room,99,2,12,3/19/2018,1.47,1,68
22388131,Well appointed private cottage with full kitchen.,111595419,Stan,,Bayview,37.73459207,-122.3923813,Entire home/apt,100,30,17,4/2/2018,8.5,1,231
19034639,The Castle - Lower Floor,130921045,Paul,,Bayview,37.73549923,-122.3943125,Entire home/apt,400,1,35,3/22/2018,4.07,7,316
18806185,The Castle-Sequoia Room,130921045,Paul,,Bayview,37.73436079,-122.3943905,Private room,145,1,30,4/1/2018,2.98,7,322
22338878,Private studio SF oasis in sunny Bayview District.,163328517,Maxine,,Bayview,37.73294956,-122.3920017,Private room,125,2,4,3/25/2018,1.9,1,19
23611,Bernal Heights Gem with Fab Views !,18732,Cecilia,,Bernal Heights,37.74556319,-122.4120681,Private room,95,3,209,3/30/2018,2.15,2,353
21668538,Sunny private room in Bernal Heights,31339,Judy,,Bernal Heights,37.73662339,-122.4145434,Private room,42,7,5,2/24/2018,1.29,2,149
348580,Lovely view condo near BART/Mission,197515,Mark,,Bernal Heights,37.74270981,-122.4195473,Entire home/apt,160,4,26,2/8/2018,0.35,1,0
4825026,Home + Office + Parking + 15 Minutes to Downtown!,204288,Theresa,,Bernal Heights,37.74079658,-122.421011,Private room,127,1,1,10/5/2016,0.05,2,0
1482730,Bernal Heights 2 BD near 101/280 & Cute Main St,289376,Jennifer,,Bernal Heights,37.73703637,-122.4170026,Entire home/apt,199,4,82,3/29/2018,1.45,1,83
18593394,Charming Spacious Private Home 3 Bedrooms,402597,Justin,,Bernal Heights,37.74469914,-122.4061361,Entire home/apt,175,30,45,12/29/2017,4.19,1,91
365275,"Bright Studio Apartment, Queen Bed, Parking, View",451471,Rita,,Bernal Heights,37.73501222,-122.4204465,Entire home/apt,85,21,203,3/11/2018,2.76,2,3
8117174,"House with Golden Gate Bridge view, large backyard",489467,Carey,,Bernal Heights,37.74663177,-122.4072579,Entire home/apt,299,3,18,1/1/2018,0.58,1,5
18345958,Eco-Modern View Home in Bernal Heights,652949,Matt,,Bernal Heights,37.7443482,-122.4119397,Private room,90,10,7,3/23/2018,0.64,1,0
381217,Stylish Spacious Bernal Dwelling,672097,Christopher 'Scott',,Bernal Heights,37.74497989,-122.4192683,Private room,102,1,130,4/3/2018,1.79,3,274
16704550,Private floor in modern home in Bernal nr Mission,680844,Annie,,Bernal Heights,37.74636164,-122.4072947,Private room,185,2,18,3/26/2018,1.3,1,40
189068,Bernal Heights Live Like a Local,684131,Mary,,Bernal Heights,37.73856392,-122.4168711,Private room,90,2,132,4/3/2018,1.63,2,15
14068781,"Private BR, 88 Walk Score, Garden, Friendly Dog",796385,David,,Bernal Heights,37.74529109,-122.4097971,Private room,86,2,69,3/25/2018,3.3,3,51
216042,Bernal Heights Views Garden Hottub,1115353,Jocelyn,,Bernal Heights,37.74382383,-122.4177267,Entire home/apt,147,5,48,6/26/2017,0.6,1,164
17157954,Bernal Heights North Slope 2 BR Charmer,1281984,Anita,,Bernal Heights,37.74810412,-122.405759,Entire home/apt,238,3,16,3/24/2018,1.16,2,287
17175619,Bernal Heights North Slope 3BR Charmer,1281984,Anita,,Bernal Heights,37.7468857,-122.4059613,Entire home/apt,375,3,4,2/24/2018,0.32,2,284
21057777,"Spacious, Modern & Private Bernal Heights In-Law",1289192,Tiffany,,Bernal Heights,37.7378567,-122.4166113,Private room,75,2,19,3/24/2018,3.68,1,52
3569750,Stroll Bernal Heights from a Hilltop Garden Flat,1363457,Cindy,,Bernal Heights,37.74670905,-122.4056854,Entire home/apt,145,4,104,3/19/2018,2.32,1,44
1107928,3 bedroom family house with views,1422803,Sarah,,Bernal Heights,37.73832718,-122.422947,Entire home/apt,375,5,15,7/29/2017,0.26,1,28
8336228,Modern Mission 2 Bedroom with private access,1491922,Matthew,,Bernal Heights,37.74726953,-122.4086262,Entire home/apt,250,3,62,3/22/2018,3.09,2,134
17305040,Contemporary Private Suite,1590064,Stuart,,Bernal Heights,37.74614764,-122.4086937,Private room,130,4,81,3/28/2018,5.96,1,84
1959880,Sunny Bernal Heights Victorian,1600928,Kristina,,Bernal Heights,37.73997864,-122.4127131,Private room,95,2,78,1/20/2018,2.56,1,310
19416382,Cozy Light Filled Home,1640715,Monica,,Bernal Heights,37.73864422,-122.4139576,Entire home/apt,140,3,4,10/7/2017,0.44,1,0
840986,Apartment across from Precita Park!,1666770,Addy And Carlota,,Bernal Heights,37.74640856,-122.4116278,Entire home/apt,145,2,168,4/1/2018,5.07,1,153
21263939,Beautiful Bernal Heights Cottage for your holidays,1693456,Ben,,Bernal Heights,37.73666487,-122.4149344,Private room,325,5,0,,,2,0
467507,Gorgeous Bernal Heights Studio Apt,2320888,Jennifer,,Bernal Heights,37.74686781,-122.4096444,Entire home/apt,145,3,153,3/29/2018,2.14,1,207
1286943,A Slice of Heaven in the Bernal Sun,2666465,Elizabeth,,Bernal Heights,37.73884991,-122.4174296,Entire home/apt,200,7,4,8/13/2017,0.07,3,14
22665446,"Gorgeous, newly built home in sunny Bernal Heights",2990879,Virginia,,Bernal Heights,37.74145255,-122.4130823,Entire home/apt,400,5,3,4/2/2018,1.27,1,60
11434490,Bernal  Cottage,3452089,Mary & Peter,,Bernal Heights,37.74057983,-122.4158058,Entire home/apt,200,3,60,3/25/2018,2.58,1,220
16824774,Sunny Mission Dolores/Noe/Bernal Studio,3554374,Penelope,,Bernal Heights,37.74576577,-122.4239347,Entire home/apt,130,2,75,4/2/2018,5.24,1,245
13762975,Cozy Apartment near Parks and Mission,4095163,Gordon,,Bernal Heights,37.74702116,-122.4151254,Entire home/apt,125,3,40,3/29/2018,1.98,1,67
7810254,"Spacious, Cozy, and Private Top Floor Apartment",4184115,Jeff,,Bernal Heights,37.7409455,-122.4212424,Entire home/apt,320,3,8,3/6/2018,0.25,1,6
3571735,Nice Quiet Furnished Room Upstairs,4191595,Laura & Larry,,Bernal Heights,37.73640249,-122.4240215,Private room,39,30,12,12/16/2017,0.31,3,161
1226596,Queen Bed w/ En-Suite Private Bath,4307164,Leslie & Gio,,Bernal Heights,37.73488902,-122.426413,Private room,89,3,143,3/23/2018,2.62,3,305
1967457,Completely Private Charming Peaceful Garden Cabin,4318558,Beth,,Bernal Heights,37.73971171,-122.4159029,Entire home/apt,100,3,81,3/31/2018,1.53,2,10
849858,A Sweet Refuge w/Private Bathroom,4436937,Marie,,Bernal Heights,37.73773877,-122.4162197,Private room,100,2,143,1/28/2018,2.4,1,19
11169030,Priv. BR/BA/living room- sep. entrance-sleeps 3,5154041,Kristin,,Bernal Heights,37.73459069,-122.4196842,Private room,130,2,13,3/21/2018,0.62,2,33
10840593,Modern new 2B zen getaway in Bernal,6165979,Bill,,Bernal Heights,37.73990087,-122.417461,Entire home/apt,185,2,92,3/15/2018,3.58,1,72
21714099,Fantastic City Facing Home in North Bernal Heights,6291818,Holly,,Bernal Heights,37.74632674,-122.4082287,Entire home/apt,500,2,11,3/29/2018,3.2,1,64
17642091,Audrey & Nick's Place,6641931,Audrey,,Bernal Heights,37.7459083,-122.4184779,Entire home/apt,118,2,34,3/31/2018,3.55,1,13
14342687,Beautiful Bernal Hill In-Law,7167269,Melissa,,Bernal Heights,37.74163878,-122.4139259,Entire home/apt,140,2,41,1/23/2018,2.05,1,106
19304903,Beautiful One Bedroom in Mission/Bernal Hood,8952012,Susanna,,Bernal Heights,37.74514626,-122.4204847,Entire home/apt,175,2,12,3/31/2018,1.35,2,33
20695687,Mission District Views from a Room in Private Floor With Bath Condominium,9054077,Tyler,,Bernal Heights,37.74688319,-122.4086441,Private room,150,2,51,3/30/2018,8.41,1,48
1752371,"*Quiet, Spacious & Cozy w/ Peaceful Garden & Entry",9218238,Rico,,Bernal Heights,37.74076751,-122.4113358,Entire home/apt,150,2,13,4/1/2018,5.57,1,115
2001534,Wonderful 3 Bedroom apartment!  ,10162964,Shelley,,Bernal Heights,37.74000551,-122.4221918,Entire home/apt,249,30,5,1/6/2018,0.16,3,365
5537718,A Modern Architectural Home,10665750,Melodie,,Bernal Heights,37.74026187,-122.4181216,Entire home/apt,350,3,0,,,1,35
11775422,Bernal Heights Suite w/Private Bath,10727952,Michael,,Bernal Heights,37.74667085,-122.4076824,Private room,110,2,68,3/11/2018,2.98,2,95
2175930,New Garden Apt in Bernal,11098043,Miegan,,Bernal Heights,37.74682232,-122.4056593,Entire home/apt,150,1,59,4/5/2018,1.41,1,242
9652136,"Spacious, Sunny Single Family Home",11314986,Jen,,Bernal Heights,37.74438773,-122.4067019,Entire home/apt,300,3,0,,,1,0
2608516,"2BR Bernal Heights Home, By Mission",13359204,John,,Bernal Heights,37.74272967,-122.4082956,Entire home/apt,199,3,27,1/22/2017,0.55,1,0
4480958,"Boho Luxe View Flat, Free Parking!",14131842,Priya,,Bernal Heights,37.74589946,-122.4141851,Entire home/apt,260,3,116,3/17/2018,2.84,1,274
17811571,"Cozy, Private Bernal Heights Suite",15029266,Anna,,Bernal Heights,37.73685267,-122.4169842,Entire home/apt,85,2,39,3/22/2018,3.97,1,42
7499793,Comfortable Garden Bernal Suite,16505203,Daniel,,Bernal Heights,37.74179626,-122.4167448,Private room,130,2,5,4/18/2017,0.29,1,0
4533652,Cool 2 Bedrooms in Bernal/Outer Mission,16884266,Cc,,Bernal Heights,37.74088781,-122.4120985,Entire home/apt,139,2,116,4/4/2018,3.03,1,1
20331804,Cozy Victorian Bedroom in Mission,17536951,Rob,,Bernal Heights,37.74479444,-122.4197677,Private room,0,2,8,10/19/2017,1.17,5,0
4105892,Music Room in SF Gem with Magical Garden + Views!,21235826,Skate (And Jeannie),,Bernal Heights,37.74460776,-122.4096587,Private room,119,2,93,3/16/2018,2.35,2,326
4093967,Beautiful Garden Room in SF Magical Oasis + Views!,21235826,Skate (And Jeannie),,Bernal Heights,37.74436783,-122.4090353,Private room,119,2,175,4/2/2018,4.19,2,289
23026186,Private Bedroom in Mission - Bernal Heights,21545853,Elise And Joel,,Bernal Heights,37.74145264,-122.4229808,Private room,59,3,10,3/30/2018,5.77,1,17
4365969,Modern light-filled garden suite by GlenPark BART,22662933,Leslie,,Bernal Heights,37.73355176,-122.4309991,Entire home/apt,129,3,218,4/2/2018,5.9,1,221
18464604,Spacious studio in the heart of Bernal Heights,23167331,Lars,,Bernal Heights,37.7405608,-122.414417,Entire home/apt,130,2,12,3/23/2018,1.59,1,0
4483550,Charming Garden Condo w/(rare) Parking Spot!,23262043,Laura,,Bernal Heights,37.74792322,-122.4212575,Entire home/apt,173,2,2,8/23/2017,0.19,1,0
16651002,Much loved home Bernal Hill,24053387,Annelise,,Bernal Heights,37.74720076,-122.4150181,Entire home/apt,150,3,9,3/27/2018,0.72,3,0
14804950,"Stylish, cozy, private studio in Bernal Heights",24949158,Angela,,Bernal Heights,37.74569204,-122.4175826,Entire home/apt,110,1,186,4/5/2018,10.39,2,131
6020579,Family-Friendly in Bernal Heights,26977960,Janine,,Bernal Heights,37.73522501,-122.4140353,Entire home/apt,233,5,4,8/13/2017,0.12,1,0
8474452,Private Entry & Bath Suite by BART,31121025,Renee & Andrew,,Bernal Heights,37.73391201,-122.4290058,Private room,109,2,105,3/31/2018,3.56,1,270
6045869,Chic 1 BR flat in Bernal Heights,31361801,Jose,,Bernal Heights,37.74752138,-122.4193831,Entire home/apt,210,1,47,4/4/2018,1.41,1,328
7998278,2 Bedroom Lovely Bernal Heights House,32157761,Teresa,,Bernal Heights,37.74014832,-122.4190942,Entire home/apt,225,7,40,2/24/2018,1.32,1,54
6558237,amazing victorian flat,34299732,Evan,,Bernal Heights,37.74439306,-122.4211594,Private room,90,2,87,3/23/2018,2.57,2,324
6822070,Cozy Home in Charming Neighborhood,35728196,Ausra,,Bernal Heights,37.74096325,-122.4165648,Entire home/apt,159,1,40,1/8/2018,1.21,1,32
14673134,Bernal Heights Garden Studio,39655178,Jeff,,Bernal Heights,37.73721651,-122.422645,Entire home/apt,125,30,19,2/20/2018,1.05,1,109
10567595,Private room in modern single family home,45040916,Aj,,Bernal Heights,37.74181683,-122.4089566,Private room,99,30,4,9/1/2017,0.2,4,365
12037978,Famous Historical SF Home,64438831,Marilee & Jen,,Bernal Heights,37.74376822,-122.4182779,Entire home/apt,208,3,67,3/24/2018,2.96,1,51
15215678,BERNAL HEIGHTS/MISSION 600 Sqft/Private Entry&Bath,96675573,Jennifer & Steve,,Bernal Heights,37.73868697,-122.4217959,Entire home/apt,125,1,123,4/2/2018,6.68,1,209
23685560,Charming Private Garden Suite in Bernal Heights,177394339,Tracey & Laily,,Bernal Heights,37.74515633,-122.4065226,Entire home/apt,179,2,0,,,1,175
664206,Modern condo on beautiful street,67928,Mike,,Castro/Upper Market,37.76720585,-122.4322747,Entire home/apt,299,4,11,3/21/2018,0.17,1,25
14962746,Studio w/ huge views & a hot tub above the Castro!,79117,Bryn,,Castro/Upper Market,37.76238182,-122.4445747,Entire home/apt,120,10,12,2/6/2018,0.8,1,230
27025,"Elegant, Antique Edwardian Apartment on Castro",115673,Luis,,Castro/Upper Market,37.76297968,-122.4313644,Entire home/apt,175,30,129,3/31/2018,1.34,1,4
1762727,Sunny Garden Studio in the Castro,237849,Jan,,Castro/Upper Market,37.7604993,-122.442467,Entire home/apt,190,4,23,3/13/2018,0.45,1,194
18357403,Entire Victorian in the Heart of SF,272176,Elisa,,Castro/Upper Market,37.76417757,-122.4339432,Entire home/apt,450,2,17,11/12/2017,1.62,3,0
13464987,"""THE CAROUSEL ROOM"" in a CASTRO VICTORIAN!",462956,Connie,,Castro/Upper Market,37.76345267,-122.4299605,Private room,62,1,81,4/1/2018,3.82,1,156
929468,"Upper Castro getaway, room for 5!",463637,John,,Castro/Upper Market,37.75951632,-122.4455864,Entire home/apt,175,3,273,3/27/2018,4.44,1,120
408471,Amazing modern views house in SF,530786,Shevi,,Castro/Upper Market,37.75666321,-122.4360723,Entire home/apt,600,2,30,1/1/2018,0.43,1,162
18675661,Two Bedroom Victorian in the Heart of the Castro,545058,Pete,,Castro/Upper Market,37.76085575,-122.4364786,Entire home/apt,400,2,5,3/25/2018,0.51,1,33
15408863,"Peaceful, spacious - perfect for summer interns!",644816,Megan,,Castro/Upper Market,37.76721735,-122.4300661,Private room,110,30,26,3/2/2018,1.49,1,172
21699731,Sunny Victorian 2.5 bds in Center of San Francisco,777447,Michael & Lesley,,Castro/Upper Market,37.76840145,-122.4324505,Entire home/apt,179,4,2,1/1/2018,0.59,2,0
166199,Castro Cottage w/ Secret Garden,792371,Matt,,Castro/Upper Market,37.7619363,-122.432392,Entire home/apt,240,4,140,3/18/2018,1.74,1,273
334339,Castro Cottage: Room & Private Bath,879042,Bruce,,Castro/Upper Market,37.76295108,-122.4425923,Private room,99,3,134,3/23/2018,1.95,1,165
10943648,Cloud Palace,942419,Daniel,,Castro/Upper Market,37.76647271,-122.4346096,Entire home/apt,95,30,1,3/23/2018,1,1,195
225933,Art lovers to the Duboce Triangle!,1177567,Marcia,,Castro/Upper Market,37.76840265,-122.4308606,Private room,95,3,158,4/3/2018,2.05,1,106
15177458,Cozy room in Castro Edwardian - 15 min to downtown,1340541,Kayla,,Castro/Upper Market,37.7599746,-122.4415505,Private room,110,2,21,8/16/2017,1.13,2,0
351881,Castro Classic Victorian w/ Views,1781821,Katie And Chris,,Castro/Upper Market,37.76174167,-122.443388,Private room,125,2,291,3/25/2018,3.94,2,341
364397,Garden Lovers @Heart of the Castro,1841207,Craig And Geoff,,Castro/Upper Market,37.7586017,-122.4333208,Private room,95,3,53,1/2/2018,0.75,4,12
2391772,Beautiful and cozy Dolores loft,2121006,Michael,,Castro/Upper Market,37.7656597,-122.4339866,Entire home/apt,136,30,52,11/14/2017,1.04,1,242
2407048,The Quintessential Victorian Home,2178251,Daniel,,Castro/Upper Market,37.76919235,-122.428462,Private room,120,3,11,9/3/2016,0.36,3,0
3116428,Sunny/stylish/central/quiet SF 2BR,2436652,Krzysztof,,Castro/Upper Market,37.76788242,-122.4360814,Entire home/apt,200,4,20,8/14/2017,0.43,1,0
7340055,Sunny queen-sized bedroom w patio,2436725,Jeff,,Castro/Upper Market,37.76102112,-122.4324866,Private room,200,1,5,4/14/2017,0.15,2,0
23303083,"Ideal location: shops, cafes, restaurants, parks",3138116,Jay,,Castro/Upper Market,37.76411586,-122.43007,Entire home/apt,159,7,0,,,2,122
1456267,The heart of  Dolores Park,3252295,Katie,,Castro/Upper Market,37.7612015,-122.4267279,Private room,130,30,10,1/9/2018,0.34,1,42
1428553,Sublet cozy sunny room in Castro!,3379945,Elena,,Castro/Upper Market,37.76033023,-122.4389275,Private room,100,30,17,3/22/2018,0.33,2,258
18073479,Private room & bath in Castro with garden & views,4173499,Chris,,Castro/Upper Market,37.75825947,-122.4350956,Private room,200,3,14,4/1/2018,1.49,1,131
11610642,SF Dream Home with Views,4183932,Uli,,Castro/Upper Market,37.76004324,-122.4455775,Entire home/apt,270,7,8,8/9/2017,0.34,1,14
19229358,Spacious room with an unbeatable view.,4256540,Shih Hao,,Castro/Upper Market,37.75706815,-122.4401738,Private room,85,2,26,3/31/2018,2.73,1,159
12202024,Private room on a hill.,4445469,Tom,,Castro/Upper Market,37.76428127,-122.436489,Private room,150,2,14,4/1/2018,3.11,1,34
10826060,Sunny Castro Oasis- studio,5074658,Caitlin,,Castro/Upper Market,37.75731154,-122.4419411,Private room,200,31,24,8/20/2017,0.96,1,32
1043282,Posh Castro Suite w/ Private Bath,5381076,John,,Castro/Upper Market,37.7585526,-122.4452989,Private room,103,1,386,3/28/2018,6.82,2,190
5091663,Cheap and Cheerful Studio with a View (Dolores),5603061,Jim,,Castro/Upper Market,37.75860035,-122.4311819,Entire home/apt,220,2,226,4/1/2018,5.8,1,15
15785104,Designer Balinese Oasis House with Garden Hot Tub,5805679,Laurence,,Castro/Upper Market,37.76378832,-122.4397207,Entire home/apt,449,3,25,3/17/2018,1.57,2,144
1150867,"New, Private Garden Studio",6307640,Annabelle,,Castro/Upper Market,37.76846397,-122.4386285,Entire home/apt,260,2,261,3/18/2018,4.51,1,317
1246891,CASTLE DREISKULL: LOVE NEST!!,6794769,Andrei,,Castro/Upper Market,37.76392951,-122.435022,Entire home/apt,111,30,174,12/20/2017,2.97,2,236
1304068,Historic SF Residence on a park,7089140,Andrea,,Castro/Upper Market,37.76873474,-122.4339745,Entire home/apt,425,3,15,8/26/2017,0.27,1,0
1535946,"View Home-Mission Dolores Park, Btwn Castro & Noe",8191087,Robert,,Castro/Upper Market,37.75767492,-122.4281231,Entire home/apt,325,2,66,3/29/2018,1.19,1,192
18615032,"Cozy, Newly Renovated Apartment in Great Location",9314255,Rudy,,Castro/Upper Market,37.76515571,-122.434275,Entire home/apt,130,1,54,3/30/2018,5.29,1,0
12041533,Exquisite  4bdr San Franciso home,9545090,Mark,,Castro/Upper Market,37.76098325,-122.4430289,Entire home/apt,650,5,11,1/2/2018,0.51,1,19
2283773,Dolores Park Victorian,9776019,Lorenzo,,Castro/Upper Market,37.76232085,-122.4298109,Entire home/apt,10,30,1,5/3/2015,0.03,2,180
17982304,Castro Gem/Private Apartment,10263963,Kenneth,,Castro/Upper Market,37.76097357,-122.4382355,Entire home/apt,172,1,104,3/29/2018,8.74,1,62
23354077,Dolores Heights Suite,10458130,Thomas,,Castro/Upper Market,37.7583143,-122.4314005,Entire home/apt,145,3,6,4/2/2018,6,1,46
23583038,Modern Castro Home,10511700,Danny,,Castro/Upper Market,37.76120128,-122.4313689,Entire home/apt,349,2,1,4/4/2018,1,1,47
16896129,San Francisco Hilltop Apartment with Views,11124241,Amy,,Castro/Upper Market,37.76357047,-122.441916,Entire home/apt,230,2,74,4/3/2018,5.14,1,50
21786112,Cozy APT overlooking Dolores Park,11167045,Robby,,Castro/Upper Market,37.7583208,-122.4285983,Entire home/apt,280,2,0,,,1,33
12112553,Castro Cottage,11977272,Kendall & Katie,,Castro/Upper Market,37.76505413,-122.4368256,Entire home/apt,325,3,35,3/30/2018,1.52,2,322
18184143,Top floor unit in the heart of the Castro,13103932,Antoine,,Castro/Upper Market,37.76224131,-122.4337116,Entire home/apt,149,2,12,2/11/2018,1.1,1,0
17530579,Castro/Upper Market spacious home,13702731,Yuri,,Castro/Upper Market,37.75836463,-122.4413336,Entire home/apt,250,3,1,4/12/2017,0.08,1,14
20425693,Buena Vista Retreat,21226960,Toni,,Castro/Upper Market,37.76675319,-122.4406527,Entire home/apt,195,4,9,2/19/2018,1.31,1,324
22483620,Modern Living with Iconic Charm,21739631,Taylor,,Castro/Upper Market,37.75845142,-122.4292693,Entire home/apt,300,2,0,,,1,0
7680348,Private Room in Sunny Flat.,26001610,Alexis,,Castro/Upper Market,37.76710222,-122.4324959,Private room,199,2,18,2/2/2018,0.58,2,351
16944675,Castro Garden Apartment w/ Parking Sleeps 6,27960596,Cal,,Castro/Upper Market,37.76186236,-122.4307052,Entire home/apt,295,2,19,3/26/2018,1.68,2,67
6793767,Castro Street Apartment with View,35420613,Janet,,Castro/Upper Market,37.75647307,-122.4357957,Entire home/apt,120,31,55,2/26/2018,1.7,1,285
8041262,Castro 4Bed/2Bath with City views!,40413092,Eric,,Castro/Upper Market,37.75927194,-122.4315821,Entire home/apt,495,3,6,8/21/2017,0.26,1,0
13126240,Private room in the Castro,48496833,Joe,,Castro/Upper Market,37.76476357,-122.4318751,Private room,100,1,46,3/25/2018,2.06,1,321
11013650,Spacious Condo above the Castro w/Amazing View,57151099,Bryan,,Castro/Upper Market,37.76513341,-122.4424607,Entire home/apt,225,5,2,7/16/2017,0.11,1,4
21771488,"Best Castro location, hands down!",97706188,Michael (Miguel),,Castro/Upper Market,37.76055379,-122.4349857,Private room,170,1,30,4/5/2018,7.56,1,18
15567704,"Beautiful, cozy and spacious city apartment",100278291,Vannida,,Castro/Upper Market,37.76830234,-122.4288265,Entire home/apt,285,2,47,3/16/2018,3.13,1,174
23150717,Live like you own Church street in SF,100672984,Roberto,,Castro/Upper Market,37.76442858,-122.4276695,Entire home/apt,180,3,4,3/18/2018,3.43,3,26
15911270,600sqft SUPER Private Guest Suite + PrivateBath,103224738,Kelly,,Castro/Upper Market,37.7608189,-122.4298933,Private room,150,2,56,3/31/2018,5.17,1,6
16160696,Oasis on Dolores Park w/ Garage...Business Ready!,105480603,David,,Castro/Upper Market,37.75954782,-122.4266924,Entire home/apt,349,5,31,3/24/2018,1.91,1,28
19922726,Castro Guest Suite with Private Living Room,107400974,Todd,,Castro/Upper Market,37.75983475,-122.4352747,Private room,188,2,29,4/1/2018,4.22,2,210
21979517,Featured SF Dream Home | 3 Bedroom home with Views,128112635,Hugh And Eliana,,Castro/Upper Market,37.75721578,-122.4392985,Entire home/apt,450,2,7,3/23/2018,2.88,1,0
21028058,Panoramic views of SF on Liberty - BUSINESS READY,151447084,Mavis & Carole,,Castro/Upper Market,37.75709623,-122.426294,Entire home/apt,450,3,6,3/19/2018,1,1,91
21068452,Sunny 1 BD in the Castro-Close to BART/Transit,151819951,Peter,,Castro/Upper Market,37.76348208,-122.434376,Entire home/apt,225,3,4,2/26/2018,0.66,2,1
22548614,"Airy private room in quiet home, Castro",165656350,Judy,,Castro/Upper Market,37.75730645,-122.4333,Private room,100,1,13,3/30/2018,4.59,1,36
23044309,Private Castro Suite,171022351,Noom,,Castro/Upper Market,37.75790779,-122.4380611,Entire home/apt,119,1,5,4/6/2018,5,1,31
18474596,San Francisco's DREAMFORCE / SALESFORCE,85132,Sanford,,Chinatown,37.79159984,-122.4064723,Private room,290,1,0,,,10,360
18473036,San Francisco DREAMFORCE 2018,85132,Sanford,,Chinatown,37.79084854,-122.406453,Private room,290,1,0,,,10,358
9605720,Hip Chinatown pad with epic views!,8097561,Adrian,,Chinatown,37.79576339,-122.4073768,Entire home/apt,349,1,114,3/25/2018,4.06,1,68
11439405,"Modern Luxury 2BR, #8",9965793,The Twist,,Chinatown,37.79202417,-122.405851,Entire home/apt,149,30,5,5/17/2017,0.22,6,154
21440144,Beautiful Nob Hill Studio,39727419,Vitaly,,Chinatown,37.79258059,-122.4059194,Entire home/apt,700,2,0,,,1,0
10706423,Coveted Hotel Size Room in Downtown San Francisco,52542171,Lily,,Chinatown,37.79137041,-122.4060569,Entire home/apt,80,1,4,2/9/2018,0.28,1,0
16490343,Nob Hill Studio Timeshare Condo - WorldMark,55782784,Kevin,,Chinatown,37.79170333,-122.4067515,Entire home/apt,225,2,4,3/10/2018,0.26,9,59
19780176,Nob Hill Studio Condo - Great Location,55782784,Kevin,,Chinatown,37.79084372,-122.406851,Entire home/apt,250,2,1,2/1/2018,0.45,9,132
19849866,Nob Hill Studio Condo - Convenient For Conventions,55782784,Kevin,,Chinatown,37.79148136,-122.4063686,Entire home/apt,225,2,2,2/1/2018,0.69,9,124
10963865,Nob Hill Timeshare Studio Condo,55782784,Kevin,,Chinatown,37.79151869,-122.4067413,Entire home/apt,300,1,3,1/29/2018,0.2,9,68
21483044,Worldmark Wyndham SUITE 1 BR/1BA 9/25-30/18,58071546,Mary,,Chinatown,37.79082209,-122.4068938,Private room,429,1,0,,,1,80
23599466,A Great Hotel Style Suite in Union Square,70722023,Michael,,Chinatown,37.79123608,-122.4079508,Entire home/apt,60,2,0,,,3,10
20944572,Secluded Flat Heart of Little Italy - North Beach,150601302,David,,Chinatown,37.79774657,-122.4074236,Entire home/apt,300,3,7,3/30/2018,1.14,1,4
21532425,Tallest building in SF Chinatown with great views!,156504244,Richard,,Chinatown,37.796392,-122.4080962,Entire home/apt,250,7,6,3/31/2018,2.09,1,262
845480, Master bedroom with private bath,4393613,Delores,,Crocker Amazon,37.70884575,-122.430768,Private room,69,3,186,3/24/2018,2.94,3,44
23236224,Live like a local! Spacious room in SF home.,9793189,Anastasia,,Crocker Amazon,37.7077463,-122.4459533,Private room,60,2,2,3/25/2018,1.54,2,66
14613099,Queen bed & sofa queen shared bath,10770504,Becca,,Crocker Amazon,37.70517403,-122.4332113,Private room,100,1,71,3/26/2018,3.63,4,170
21828791,Spacious private room in the Mission,20189276,Martin,,Crocker Amazon,37.70510183,-122.4366168,Private room,80,14,0,,,1,0
20626299,Coliving in a quiet and safe neighborhood,21940642,Alex,,Crocker Amazon,37.71352001,-122.4388395,Shared room,0,3,11,2/3/2018,1.55,7,175
20696918,Modern Cozy Private BD + BR / Close to BART,26700102,Hebert,,Crocker Amazon,37.71579987,-122.4400646,Private room,119,2,19,3/28/2018,2.91,1,13
8882786,Beautifully furnished 2BR - VIEWS!,44850084,Andrew,,Crocker Amazon,37.7053298,-122.4422351,Entire home/apt,150,7,0,,,1,0
13434421,Beautiful house with stunning views of SF,47646868,Yana,,Crocker Amazon,37.70580094,-122.4473986,Entire home/apt,180,2,3,10/9/2016,0.16,1,0
11389711,simple comfort: private inlaw apt. near SF border,56371829,Monica,,Crocker Amazon,37.7052338,-122.4527334,Entire home/apt,99,3,29,3/24/2018,1.23,1,148
13935443,( Bay Suite ) Private Suite_couple blocks from SF,82722582,John,,Crocker Amazon,37.70609737,-122.4534601,Private room,54,1,127,3/31/2018,6.13,3,145
24023542,"Comfy Private Room/Bath, Parking [2] (30%off)",159540074,Hewett,,Crocker Amazon,37.71225611,-122.4441039,Private room,79,1,0,,,6,365
23581401,Remodeled room with private bath and entrance,175969733,Sat,,Crocker Amazon,37.7110565,-122.4449111,Private room,69,2,2,3/26/2018,2,2,20
2706776,Amazing 60s Design w/Stunning Views,11377696,Bob,,Diamond Heights,37.74153272,-122.4359606,Private room,188,4,41,2/12/2018,0.9,1,342
10832,Union Square Modern Loft,38836,Bernat,,Downtown/Civic Center,37.7857389,-122.4079771,Entire home/apt,139,30,16,2/22/2018,0.26,3,351
17016281,Residential hotel near Union Square SF room#5,115849,Hiromi,,Downtown/Civic Center,37.78721493,-122.413163,Private room,150,7,19,9/28/2017,1.43,8,93
56715,Downtown Rainbow,252376,Megan,,Downtown/Civic Center,37.78815514,-122.417216,Entire home/apt,187,1,75,3/25/2018,0.84,1,1
5904305,Bright Bedroom in Heart of SF,3249792,Sebastian,,Downtown/Civic Center,37.78899041,-122.4155016,Private room,79,2,26,2/1/2018,0.73,2,159
2943327,Outstanding Hotel/TS (Union Square),6346492,Dana,,Downtown/Civic Center,37.78878139,-122.4114781,Private room,180,1,19,9/22/2016,0.4,29,0
1620039,Perfect Timeshare/Hotel (Union Sq.),6346492,Dana,,Downtown/Civic Center,37.78777539,-122.4098325,Private room,175,1,69,9/2/2016,1.24,29,0
8084285,Downtown SF USq Hotel/TS Studio,6346492,Dana,,Downtown/Civic Center,37.78845769,-122.4106211,Private room,190,2,8,9/22/2016,0.25,29,0
8084290,Downtown SF Un. Sq. Hotel/TS Studio,6346492,Dana,,Downtown/Civic Center,37.78721956,-122.4106836,Private room,190,2,1,9/22/2016,0.05,29,0
7958349,Downtown Top U. Sq. Hotel/TS Studio,6346492,Dana,,Downtown/Civic Center,37.78846489,-122.4095917,Private room,180,2,9,10/8/2016,0.32,29,0
1624068,Wonderful SF Timeshare/Hotel,6346492,Dana,,Downtown/Civic Center,37.78775604,-122.4097853,Private room,169,2,48,8/31/2017,0.89,29,0
1627455,Steps from Union Square,7066914,Paul,,Downtown/Civic Center,37.78913415,-122.412149,Private room,129,30,35,11/9/2017,0.63,1,98
19596257,Modern Nob Hill Home,9231945,Nate,,Downtown/Civic Center,37.78962175,-122.4111423,Entire home/apt,150,1,19,3/21/2018,2.09,2,3
12382918,"DONATELLO, Union Sq, near Moscone",11638127,Dave,,Downtown/Civic Center,37.78754831,-122.4096229,Private room,209,1,4,11/9/2017,0.22,5,3
2468125,DONATELLO near Moscone and Union Sq,11638127,Dave,,Downtown/Civic Center,37.7871598,-122.4098349,Private room,219,1,13,10/4/2017,0.3,5,0
14694071,Lower Nob Hill/Tenderloin  large studio,11855893,Christina,,Downtown/Civic Center,37.78505825,-122.4141144,Entire home/apt,156,30,43,2/11/2018,2.27,1,136
15675892,The Bartlett QUEEN,17042045,The Bartlett,,Downtown/Civic Center,37.78753317,-122.4093616,Entire home/apt,90,1,56,3/19/2018,3.26,25,12
12511225,The Bartlett QUEEN,17042045,The Bartlett,,Downtown/Civic Center,37.78744937,-122.4092552,Entire home/apt,110,1,73,3/1/2018,3.07,25,11
17826075,THE BARTLETT QUEEN,17042045,The Bartlett,,Downtown/Civic Center,37.78697396,-122.4090636,Private room,75,1,30,3/18/2018,2.46,25,19
4638678,THE BARTLETT QUEEN,17042045,The Bartlett,,Downtown/Civic Center,37.7868168,-122.4092466,Private room,110,1,87,1/21/2018,2.25,25,19
8685652,The Bartlett QUEEN,17042045,The Bartlett,,Downtown/Civic Center,37.78683906,-122.4094021,Private room,110,1,34,3/1/2018,1.15,25,19
7548762,The Bartlett QUEEN,17042045,The Bartlett,,Downtown/Civic Center,37.78540972,-122.408456,Private room,110,1,62,3/17/2018,2.03,25,0
16944898,Remodeled Penthouse in Downtown,19629774,Conor,,Downtown/Civic Center,37.78840447,-122.4213679,Private room,99,30,23,2/1/2018,1.68,2,173
8800012,SF Union Square Hotel Studio (6),22267033,Jennifer,,Downtown/Civic Center,37.78799349,-122.4092486,Private room,229,1,10,11/10/2017,0.34,21,362
13883766,"SF Union Square, unbeatable location! (1)",22267033,Jennifer,,Downtown/Civic Center,37.7882124,-122.4109637,Entire home/apt,239,1,4,11/11/2017,0.21,21,356
20817603,SF Union Square Hotel Studio (1),22267033,Jennifer,,Downtown/Civic Center,37.78745857,-122.4093007,Entire home/apt,265,1,2,11/11/2017,0.29,21,361
22908078,White Swan Inn - Luxury King with Fireplace,163061723,White Swan Inn,,Downtown/Civic Center,37.78890487,-122.412162,Private room,299,1,1,2/19/2018,0.63,3,326
13100047,SF Hotel Studio: Union Square (12),22267033,Jennifer,,Downtown/Civic Center,37.78694261,-122.409643,Entire home/apt,239,1,6,3/23/2018,0.32,21,361
13096400,SF Hotel Studio: Union Square (11),22267033,Jennifer,,Downtown/Civic Center,37.78752004,-122.409374,Entire home/apt,239,1,9,11/9/2017,0.43,21,360
20818261,SF Union Square Hotel Studio (3),22267033,Jennifer,,Downtown/Civic Center,37.78728332,-122.4097384,Entire home/apt,239,1,1,3/21/2018,1,21,361
5007358,(20) Deluxe Room with Private Bath,25176023,Tony,,Downtown/Civic Center,37.7845695,-122.4145504,Private room,69,1,320,3/29/2018,8.15,8,329
4909117,(8) Deluxe Room with Private Bath,25176023,Tony,,Downtown/Civic Center,37.78597782,-122.4147678,Private room,69,1,277,4/1/2018,7.05,8,345
4902063,(12) Deluxe Room with Private Bath,25176023,Tony,,Downtown/Civic Center,37.7860615,-122.4149561,Private room,69,1,248,3/29/2018,6.45,8,349
4902565,(19) Modern Room with Half Bath,25176023,Tony,,Downtown/Civic Center,37.78530322,-122.4144736,Private room,59,1,268,4/1/2018,6.74,8,351
13686323,Stay in the  ❤️  of Downtown | Walk Everywhere,26482762,ResortShare1,,Downtown/Civic Center,37.78808065,-122.4123195,Entire home/apt,216,2,8,3/23/2018,0.4,17,264
16532410,Wyndham Canterbury 3 Bedroom Presidential (1),26482762,ResortShare1,,Downtown/Civic Center,37.789462,-122.4117988,Private room,488,3,0,,,17,0
11183089,Beautiful 1 Bedroom in Downtown SF,26482762,ResortShare1,,Downtown/Civic Center,37.7894649,-122.4129971,Private room,216,2,32,3/9/2018,1.29,17,289
13913555,Plush Presidential ★ 3 Bedroom ★ Downtown SF,26482762,ResortShare1,,Downtown/Civic Center,37.78862053,-122.4119688,Private room,488,3,11,9/19/2017,0.74,17,234
6728537,"Newly remodeled spacious apt, walk score 98!",34869906,Billy,,Downtown/Civic Center,37.78712062,-122.4157491,Private room,113,2,11,1/1/2018,1.52,1,0
19236728,Studio at Donatello Hotel near Union Square,47514427,Jeff,,Downtown/Civic Center,37.78873306,-122.4106647,Private room,235,1,4,3/23/2018,0.5,15,207
9119249,Inn at the Opera Hotel Room,47514427,Jeff,,Downtown/Civic Center,37.77981465,-122.4218951,Entire home/apt,140,1,48,3/23/2018,1.84,15,171
10099733,2 Twin beds with a full bath,51659350,Wes,,Downtown/Civic Center,37.78909156,-122.4099337,Private room,125,3,46,3/17/2018,1.67,4,132
10282326,Ste 1502-1 Queen Bedrm & Living Rm,51659350,Wes,,Downtown/Civic Center,37.78888883,-122.4090006,Private room,279,5,1,8/13/2017,0.13,4,215
23684875,UNION SQUARE-THE DONATELLO HOTEL,64646820,Michelle,,Downtown/Civic Center,37.78728953,-122.4094264,Private room,199,1,2,3/22/2018,2,13,48
23884346,INN AT THE OPERA (SLEEPS 2 or 4) BOUTIQUE HOTEL,64646820,Michelle,,Downtown/Civic Center,37.7798086,-122.4216093,Private room,199,1,1,3/23/2018,1,13,49
23827071,THE DONATELLO HOTEL IN UNION SQUARE-SLEEPS 4,64646820,Michelle,,Downtown/Civic Center,37.78896627,-122.4095537,Private room,225,1,0,,,13,51
21161939,"WorldMark by Wyndham 1BR/2BA,Sleps 4,REDUCED PRICE",84583753,Hanny,,Downtown/Civic Center,37.78888151,-122.4075082,Entire home/apt,500,3,1,11/9/2017,0.2,3,0
15217571,1Bdrm LUXURY CONDO Wyndham Canterbury *Great Rate!,96098402,Carrie,,Downtown/Civic Center,37.78951809,-122.4130877,Entire home/apt,369,3,0,,,6,364
22208070,Wyndham Canterbury at San Francisco 1 bedroom,100238132,Michael,,Downtown/Civic Center,37.78835885,-122.4120988,Private room,229,3,0,,,4,327
15888973,Private Room with shared bathroom in Hotel,103049007,Akshay,,Downtown/Civic Center,37.78399798,-122.4141171,Private room,70,1,35,3/17/2018,2.08,11,70
15990429,Private Room with shared bathroom in Hotel,103049007,Akshay,,Downtown/Civic Center,37.78523236,-122.4128261,Private room,70,1,55,3/23/2018,3.26,11,77
17892622,Private Room with shared bathroom in Hotel,103049007,Akshay,,Downtown/Civic Center,37.7846789,-122.4144758,Private room,70,1,21,2/24/2018,1.88,11,78
16071674,Private Room with shared bathroom in Hotel,103049007,Akshay,,Downtown/Civic Center,37.78410923,-122.4121026,Private room,70,1,55,3/10/2018,3.3,11,68
24013191,NEW LISTING - 3 Bedroom 1 Bath with Kitchenette,129161177,Nelly,,Downtown/Civic Center,37.78894128,-122.4173995,Entire home/apt,250,2,0,,,1,312
23060429,Petite Auberge - Queen with Fireplace,162674732,Petite Auberge,,Downtown/Civic Center,37.78878186,-122.4120483,Private room,229,1,1,3/6/2018,0.91,4,4
23312433,Stratford Hotel Room Full,173206762,Stratford,,Downtown/Civic Center,37.78679595,-122.4083697,Private room,79,1,3,3/16/2018,3,63,4
22908076,White Swan Inn - Deluxe Queen with Fireplace,163061723,White Swan Inn,,Downtown/Civic Center,37.78951935,-122.4123022,Private room,269,1,2,3/29/2018,2,3,326
23551287,Stratford Hotel Room Full,173206762,Stratford,,Downtown/Civic Center,37.78627075,-122.4090408,Private room,69,1,1,3/16/2018,1,63,4
351950,MissionOutr PvtBR w/ 2Beds+Fridge,305973,Maria,,Excelsior,37.72964987,-122.4253886,Private room,40,30,16,12/19/2017,0.22,11,253
8142,Friendly Room Apt. Style -UCSF/USF - San Francisco,21994,Aaron,,Haight Ashbury,37.76487219,-122.451828,Private room,65,32,7,8/12/2017,0.16,7,365
77932,"FAB BDRM w/ PrvtBATH, Patio,Fridge",305973,Maria,,Excelsior,37.73133676,-122.4245656,Private room,49,30,18,9/25/2017,0.24,11,266
19709987,"Sunny Bedroom with Private Bath, FW Organic Farm",1324175,Chris,,Excelsior,37.72696622,-122.4276682,Private room,75,3,2,2/11/2018,0.23,2,121
3718865,Lovely Garden Apt with Free Parking,2348306,Katie,,Excelsior,37.71953972,-122.4268393,Entire home/apt,113,2,152,4/4/2018,3.41,1,3
19273465,Spacious San Francisco studio in quiet area,2902835,Nitzan,,Excelsior,37.72115668,-122.4271582,Entire home/apt,135,3,11,3/29/2018,1.44,1,1
14591043,Outer Mission Private Bed & Bath w. Own Entrance,4158043,Gwen,,Excelsior,37.72451875,-122.4324157,Private room,100,4,37,3/12/2018,1.89,2,150
22277766,SF Artist Studio Home,5822506,Ivan,,Excelsior,37.71658475,-122.4393872,Entire home/apt,200,2,3,3/29/2018,3,1,129
4617719,2BR/1BA & Check-in Day Parking-Remodeled w/Kitchen,8515925,Garland,,Excelsior,37.73219477,-122.4081529,Entire home/apt,139,2,249,3/22/2018,6.23,1,66
8487735,Modern and functional space,11014421,Lori,,Excelsior,37.72944055,-122.4289862,Entire home/apt,115,3,91,3/28/2018,3.03,1,210
14268636,Private giant stylish fully furnished room,24091826,Julian (Jack),,Excelsior,37.72477987,-122.4319483,Private room,39,5,100,4/2/2018,4.89,3,8
6518261,Excelsior Lovely Modern Apartment,34072818,Maru&Jerome,,Excelsior,37.7190645,-122.4326119,Entire home/apt,149,5,79,3/28/2018,2.29,1,76
11829124,Spacious private bedroom with view,50668330,Natalie,,Excelsior,37.72845589,-122.4232698,Private room,74,1,29,3/11/2018,1.28,3,133
12428522,Private Studio,50668330,Natalie,,Excelsior,37.72950631,-122.4238308,Private room,75,1,44,3/17/2018,1.89,3,251
17622881,"Private Room, quiet neighborhood",63539716,Kyle,,Excelsior,37.71696052,-122.4289335,Private room,49,3,31,4/1/2018,2.55,1,78
13784076,My West-Looking Top Room,75594709,Magdalena,,Excelsior,37.7266262,-122.4295725,Private room,59,1,32,3/31/2018,1.55,3,254
15929798,First floor suite w/ sleeping and cooking areas,103370502,Barbara,,Excelsior,37.72218634,-122.4117947,Entire home/apt,125,1,37,4/3/2018,2.4,1,18
16330378,"Spacious, Gourmet Home near BART/Muni",106895777,Tyler,,Excelsior,37.72398047,-122.4307813,Entire home/apt,350,5,11,2/19/2018,1.06,1,43
21475595,New private unit 2BR/1BA in SF with garden,155963453,Yj,,Excelsior,37.72539772,-122.4266685,Entire home/apt,165,2,36,4/4/2018,8,1,28
175102,FIN. DIST: Mario's Studio Penthouse,127367,Annette,,Financial District,37.7907639,-122.4040296,Entire home/apt,135,30,47,2/28/2018,0.58,20,273
785901,Friendly Hostel with Community #7,329072,Darren & Friends,,Financial District,37.7931253,-122.4044285,Shared room,38,1,108,3/25/2018,1.66,16,35
12853799,Friendly Hostel with Community #10,329072,Darren & Friends,,Financial District,37.79347659,-122.4033501,Shared room,38,1,66,3/17/2018,2.82,16,27
259622,Friendly Hostel with Community #5,329072,Darren & Friends,,Financial District,37.79440986,-122.4047253,Shared room,38,1,165,4/2/2018,2.21,16,39
229240,Friendly Hostel with Community #3,329072,Darren & Friends,,Financial District,37.79341364,-122.4033994,Shared room,38,1,265,4/4/2018,3.33,16,32
1229005,Private bedroom and bath w/ patio in Fidi SF,1455581,Yumi,,Financial District,37.79693091,-122.3992879,Private room,125,30,1,11/30/2017,0.23,1,43
5945812,Ritz Carlton Club San Francisco 1BR,30857973,Travel En,,Financial District,37.78857405,-122.4026755,Entire home/apt,675,1,2,1/15/2016,0.06,4,88
5944989,Ritz-Carlton Club San Francisco 2BR,30857973,Travel En,,Financial District,37.78884879,-122.4026549,Entire home/apt,825,4,4,6/18/2016,0.12,4,65
15957963,406 - Clean Budget Room with a Perfect Location!,93714995,325,,Financial District,37.78894877,-122.4047997,Private room,59,32,37,2/4/2018,2.22,13,89
16228848,415 - Clean Renovated Room in PERFECT LOCATION,93714995,325,,Financial District,37.7887829,-122.4050124,Private room,109,1,69,3/27/2018,4.41,13,42
15873231,414 - Clean and Renovated Private Room,93714995,325,,Financial District,37.78875466,-122.4064005,Private room,60,32,13,1/26/2018,0.92,13,90
16086843,421 - Private Room With Bath in Union Square,93714995,325,,Financial District,37.78893357,-122.4050199,Private room,109,1,115,3/29/2018,7,13,38
16162625,"315 - Clean, Private Room in a Perfect Location!",93714995,325,,Financial District,37.78873627,-122.4052173,Private room,109,1,84,4/1/2018,5.14,13,47
16176101,401 - Renovated Room. 2 beds. Sleeps up to 4!,93714995,325,,Financial District,37.78844444,-122.4062582,Private room,147,1,73,4/3/2018,4.68,13,41
21609188,Modern fresh business travel apartment,95944105,Janice,,Financial District,37.78948954,-122.3937935,Entire home/apt,350,5,0,,,1,0
21871770,Top City Views in Central SOMA Amenity Condo,159551733,Jacob,,Financial District,37.7889958,-122.3928319,Entire home/apt,500,1,2,3/23/2018,0.92,1,0
62519,Lovely Room in Charming Edwardian,304426,Abhay,,Glen Park,37.74182583,-122.4299312,Private room,120,2,29,3/25/2018,0.76,2,5
5918090,"Entire House - Central, bright, modern & spacious",676500,Dave,,Glen Park,37.73903925,-122.4266529,Entire home/apt,275,2,67,4/1/2018,1.95,1,96
190878,Whimsical Decor and Sweeping Views,922289,John,,Glen Park,37.73794406,-122.4296976,Entire home/apt,135,2,13,4/3/2018,0.16,1,340
16587110,2 BR sunny house with private garden in Glen Park,1025080,David,,Glen Park,37.73728816,-122.4316636,Entire home/apt,170,2,17,2/19/2018,1.16,1,3
482592,Grand 1880's Victorian in San Fran,2389112,Victor,,Glen Park,37.73429085,-122.4349105,Entire home/apt,600,1,93,3/24/2018,1.36,2,348
3309722,"Private Studio, Decks, 360 Views!",5459289,Cliff,,Glen Park,37.73880541,-122.4252138,Entire home/apt,200,2,261,4/3/2018,5.93,1,20
21552181,Cozy Junior One Bedroom in Glen Park,7167320,Andrea,,Glen Park,37.7378954,-122.4282353,Entire home/apt,225,1,6,3/27/2018,1.88,1,27
2102793,"Modern, Private Apt 800ft/75m",10722310,Melissa,,Glen Park,37.73804375,-122.4275858,Entire home/apt,210,3,8,1/12/2018,0.19,2,327
20070540,Beautiful room with jaw-dropping views!,18658510,Sammy,,Glen Park,37.73876899,-122.4288474,Private room,120,1,9,4/3/2018,2.39,3,268
11345707,Private Garden Cottage,59406195,Michael,,Glen Park,37.73562792,-122.4376999,Entire home/apt,125,3,64,3/31/2018,2.78,1,117
13926092,Masterfully Redrafted Victorian,82697224,Fernando,,Glen Park,37.73666123,-122.428701,Entire home/apt,2000,30,0,,,1,83
20440309,Glen Park Garden,90541912,Rob,,Glen Park,37.73368967,-122.4345196,Private room,80,4,20,3/2/2018,2.54,4,168
20761833,1800 Hundred's Victorian Gem in San Francisco,147590510,Elsie,,Glen Park,37.73452037,-122.4330741,Private room,99,1,8,3/29/2018,1.16,1,334
17424816,Our Home in NoPa,147099,Carl,,Haight Ashbury,37.77223669,-122.4380674,Private room,150,2,54,4/2/2018,4.14,1,19
17511326,Cole Valley Cottage,383029,Steph,,Haight Ashbury,37.76175938,-122.4493613,Entire home/apt,230,2,9,3/24/2018,0.75,1,54
1332343,Bright Contemporary Urban Nest,465520,Saundra,,Haight Ashbury,37.76969508,-122.4361942,Private room,142,3,204,3/27/2018,3.53,3,251
580106,Enormous beautiful room in a great area,475974,Ari,,Haight Ashbury,37.77557835,-122.4405988,Private room,93,2,51,3/22/2018,1.31,1,5
1721354,Flat & Garden in Historic Victorian,619278,Andrew,,Haight Ashbury,37.76813384,-122.4462902,Entire home/apt,389,2,16,3/24/2018,0.36,1,0
3133266,Stylish Apartment Near Historic Haight Ashbury,837274,Tina And Jay,,Haight Ashbury,37.76875414,-122.4489017,Entire home/apt,290,30,57,3/21/2018,1.24,1,247
209514,Haight Ashbury Experience Room 2,1032643,Josh,,Haight Ashbury,37.77118402,-122.4496256,Private room,92,1,307,3/23/2018,3.84,6,338
607500,Experience San Francisco in Style!,1805856,Adam N Alex,,Haight Ashbury,37.76668081,-122.4509517,Entire home/apt,375,3,38,12/31/2017,0.57,1,350
8882531,"Beautiful, Bright & Spacious. Perfect Location!",2995531,Amichai,,Haight Ashbury,37.77546166,-122.4490477,Entire home/apt,230,2,21,3/21/2018,0.73,1,0
3565068,Charming Victorian in NOPA,3077248,Beatrice,,Haight Ashbury,37.77413111,-122.4410907,Entire home/apt,400,4,26,12/26/2017,0.58,1,28
4271413,"Quiet, Cozy, Private Haight Sanctuary",3336200,Michael,,Haight Ashbury,37.77071761,-122.4481315,Entire home/apt,160,1,16,3/5/2018,2.98,1,2
1945508,"Gorgeous, bright, NOPA flat, views",3800640,Julie,,Haight Ashbury,37.7690727,-122.4375496,Private room,150,3,32,3/30/2018,0.73,1,351
930955,3BR/2BA central Cole Valley condo 1500 sf,5014272,Luke And Sue,,Haight Ashbury,37.7609721,-122.4483689,Entire home/apt,400,30,96,3/18/2018,1.54,1,317
6415052,Top-Floor Apartment in Edwardian Home with Deck,5537980,Chris,,Haight Ashbury,37.76973891,-122.436951,Entire home/apt,370,5,42,2/21/2018,1.83,1,0
1053945,Victorian Garden / City Living,5803665,Jacqui,,Haight Ashbury,37.77060059,-122.4507446,Entire home/apt,150,3,158,3/22/2018,2.65,1,221
18020970,Gorgeous Victorian Master Suite,6891075,Ryan,,Haight Ashbury,37.77597596,-122.441512,Private room,249,1,21,3/27/2018,2.2,3,0
21058361,Comfy queen loft bed +food in Haight Ashbury coop!,8586536,Delphine,,Haight Ashbury,37.76879761,-122.4493688,Shared room,65,2,8,12/7/2017,1.33,1,0
23466551,Haight Owner-Designer Apt w/Parking,10197471,Paul,,Haight Ashbury,37.77281803,-122.4383102,Entire home/apt,325,3,0,,,1,47
3240016,Great Duboce Park Garden Apartment,13973946,Sandra,,Haight Ashbury,37.76947242,-122.4377042,Entire home/apt,140,30,154,1/28/2018,3.35,2,185
3333870,Cole Valley Smart and Stylish Suite,16831526,Nancy,,Haight Ashbury,37.76350829,-122.4458448,Private room,150,2,128,4/3/2018,2.77,1,280
19985392,Victorian Flat in the Haight Ashbury,26822922,Chris,,Haight Ashbury,37.77014147,-122.4452109,Entire home/apt,450,4,5,11/25/2017,0.7,1,6
16653287,Charming top floor 2 bd room condo in NOPA,30747858,Sid,,Haight Ashbury,37.77176032,-122.4378054,Entire home/apt,175,5,5,1/27/2018,0.36,1,11
23683011,The Glory Cole,31795685,Jon,,Haight Ashbury,37.76933781,-122.4515336,Private room,75,1,2,3/26/2018,2,1,0
6374167,Private Quiet Room,33217272,Joanna,,Haight Ashbury,37.76637208,-122.4467014,Private room,80,7,28,3/26/2018,0.96,1,55
18463004,Welcome to Kings Landing in the Haight Ashbury!,99270779,Jamin,,Haight Ashbury,37.77206317,-122.4432554,Entire home/apt,299,30,16,1/28/2018,1.57,2,365
22575652,Lovely Room 5 Minutes from Haight & Golden Gate,143014397,Jessicca,,Haight Ashbury,37.77202491,-122.4511186,Private room,95,1,14,4/2/2018,9.13,1,154
22516400,Enjoy SF from a Haight Ashbury suite!,165282814,Vince & Valerie,,Haight Ashbury,37.76965326,-122.4501409,Entire home/apt,150,2,13,4/1/2018,5.06,1,49
19459929,Spacious Art Deco 1BR near Golden Gate Park (USF),32132,Yuri,,Inner Richmond,37.77863124,-122.4473117,Entire home/apt,40,3,27,2/23/2018,2.88,1,42
66119,Large garden studio apt. near Golden Gate Park,52862,Joe,,Inner Richmond,37.77797943,-122.4781239,Entire home/apt,100,30,95,2/25/2018,1.16,1,342
2049955,"Private, Newly-Renovated 1-Br Apt",58930,David,,Inner Richmond,37.7782085,-122.4611376,Entire home/apt,285,3,134,3/21/2018,2.58,3,218
720811,Private Inlaw Apt Inner Richmond SF,93873,Ron & Cherie,,Inner Richmond,37.77571085,-122.4629607,Entire home/apt,135,3,162,3/19/2018,2.44,1,43
18199221,Beautiful 3 bdr Richmond flat,304688,Vanessa,,Inner Richmond,37.77472479,-122.4774068,Entire home/apt,475,2,0,,,1,81
1126710,Palace of the Soul Cozy Sanctuary,791253,Elizabeth,,Inner Richmond,37.77870019,-122.4548178,Private room,100,3,197,4/1/2018,3.31,3,134
178532,Luxury/Modern 2-story Condo,854264,Ron,,Inner Richmond,37.77556129,-122.4549796,Private room,140,1,108,4/2/2018,1.32,1,271
4077186,Modern 2BR Next to Golden Gate Park,1999732,Danielle,,Inner Richmond,37.77627399,-122.4588815,Entire home/apt,130,30,165,3/5/2018,3.81,1,50
15056192,Quiet Room in Apartment Near Golden Gate Park,2853604,Allyse,,Inner Richmond,37.77678454,-122.461263,Private room,129,2,56,4/2/2018,2.97,1,19
6224858,Stylish Family Home near the Presidio,2927013,Elisabeth & James,,Inner Richmond,37.78578423,-122.4619319,Entire home/apt,450,4,14,3/24/2018,0.42,1,26
15072528,beautiful apartment in great location,3509116,Monty,,Inner Richmond,37.78030934,-122.4507916,Entire home/apt,125,30,5,9/23/2017,0.29,2,243
12794288,Panoramic View Of Golden Gate Park,3751184,Scott,,Inner Richmond,37.77489146,-122.4681691,Entire home/apt,110,30,11,1/8/2018,0.51,2,240
17778664,Gorgeous Zen Sanctuary in the Heart of the City,4123335,Heather,,Inner Richmond,37.78608951,-122.4693559,Entire home/apt,260,1,20,3/22/2018,1.57,1,136
9512659,"Stunning 5 bedroom, 3.5 bath house",4798378,Ayelet,,Inner Richmond,37.77870309,-122.4699018,Entire home/apt,300,30,25,1/10/2018,0.88,1,218
934012,One block from Golden Gate Park!,5037105,David,,Inner Richmond,37.77464645,-122.4620604,Entire home/apt,115,30,58,8/12/2017,0.96,1,292
4948327,A Cozy Victorian Room with a Piano,5366845,Budi,,Inner Richmond,37.78477877,-122.468035,Private room,75,1,256,3/30/2018,7.22,2,270
1277771,Home Away From Home,6954280,Christine,,Inner Richmond,37.78523647,-122.476276,Entire home/apt,190,3,328,4/1/2018,5.82,2,185
1344243,"Sunny Garden Suite, Perfect Locale",7292289,Robert,,Inner Richmond,37.78369024,-122.4697568,Entire home/apt,125,5,29,1/14/2018,0.52,2,43
16933274,2 Spacious Bedrooms ~ Golden Gate Park,7479539,Igor,,Inner Richmond,37.77796833,-122.4723644,Private room,107,2,97,4/3/2018,6.72,3,210
11474754,Elegant Lone Mountain Oasis with Ocean Views,7934590,Joyce,,Inner Richmond,37.77928312,-122.4528041,Entire home/apt,400,4,21,12/28/2017,1.94,2,0
22468629,Private Queen with shared bath in Beautiful home.,8119896,Patsy,,Inner Richmond,37.78051873,-122.4591088,Private room,139,1,0,,,5,0
16778843,Private Studio Apartment - Center of SF,8292600,Jen,,Inner Richmond,37.78033863,-122.4547361,Private room,150,4,46,3/20/2018,3.24,1,13
2326228,Comfortable garden and deck apartment,11883320,Kim,,Inner Richmond,37.78000349,-122.454659,Entire home/apt,400,2,24,4/4/2018,0.48,7,341
7759598,Light Filled 3BR/2.5BA home w/views,13616488,Jessica,,Inner Richmond,37.7811383,-122.4478271,Entire home/apt,1200,5,14,12/27/2017,0.45,1,0
10905721,Garden room near GG Bridge & Parks 30 day minimum,15259486,Uli,,Inner Richmond,37.78266942,-122.4697425,Entire home/apt,110,30,71,3/22/2018,3.5,1,55
5944921,Quiet Apartment - Golden Gate Park!,15400470,Haitham,,Inner Richmond,37.77454753,-122.4586692,Private room,95,3,37,3/24/2018,1.04,1,62
17499253,Bright Private Room Close to Golden Gate Park,16336319,Elena,,Inner Richmond,37.77938394,-122.4733823,Private room,92,1,19,4/1/2018,1.98,3,133
19566884,Bright Spacious Private Room Near Golden Gate Park,16336319,Elena,,Inner Richmond,37.77936171,-122.4738275,Private room,100,1,22,3/14/2018,2.37,3,129
3262842,Large Flat In A Great Location,16499584,Gina,,Inner Richmond,37.78173241,-122.4653268,Entire home/apt,189,30,15,1/30/2018,0.42,1,340
5194736,"Classic, Quiet, Central SF Home",26871877,John & Nancy,,Inner Richmond,37.77955472,-122.4741915,Entire home/apt,425,3,12,3/19/2018,0.33,1,345
8576907,"Beautiful house, ideally situated.",27507354,Dana,,Inner Richmond,37.77857563,-122.4492029,Entire home/apt,599,5,12,12/31/2017,0.43,1,25
8996945,Sunny two-bedroom apartment near Golden Gate park,33532518,Irene,,Inner Richmond,37.7787067,-122.4600573,Entire home/apt,181,3,129,3/12/2018,4.49,4,5
20423020,Modern 2bed/2bath + nursery + deck on Lake St,46481358,Minna & Nathan,,Inner Richmond,37.78538752,-122.4773945,Entire home/apt,330,3,2,11/28/2017,0.43,1,8
13911251,Cute 1 bedroom 1 bathroom Unit,48629082,Mindy,,Inner Richmond,37.77661993,-122.4566192,Entire home/apt,79,31,43,2/19/2018,2.05,2,144
10810544,NON-SMOKING  NON-SMOKING        SUNNY    1- BR Apt,51089417,Nelson,,Inner Richmond,37.78506058,-122.4639292,Entire home/apt,129,30,6,7/28/2017,0.23,3,180
10227655,Large classic 2bd/2ba full-floor Richmond flat,52558265,Tim,,Inner Richmond,37.78550975,-122.4747464,Entire home/apt,349,3,35,8/14/2017,1.27,2,28
10273567,★ GG Park ★ Walk Score 91 ★ Fast WiFi ★,52830865,Catherine,,Inner Richmond,37.77587352,-122.4665145,Private room,108,2,105,4/5/2018,3.91,1,56
13899875,Bedroom+Sitting Rm Classic SF Home,56658434,Cheryl,,Inner Richmond,37.77805442,-122.4705652,Private room,110,3,32,3/7/2018,1.53,3,108
12203536,"Room w/ Sofa, and microwave! Feels like a Studio!F",65608188,Iz,,Inner Richmond,37.78385615,-122.4627486,Private room,59,30,13,11/14/2016,0.61,5,363
12203384,"Private Spacious room with 2 beds. ""E""",65608188,Iz,,Inner Richmond,37.7857009,-122.4611514,Private room,59,30,21,6/30/2017,0.98,5,361
12437037,Private unit near Golden Gate Park,67285076,Sandy,,Inner Richmond,37.77485657,-122.4623461,Entire home/apt,89,1,193,3/22/2018,8.15,2,77
19954872,"Private Room in Super Convenient Area, Room E",127638239,Ching Ho,,Inner Richmond,37.78344839,-122.4633142,Private room,90,1,56,4/3/2018,6.46,3,146
19475051,Spacious Comfy Private Room in Richmond SF,136644372,Heidi,,Inner Richmond,37.78170149,-122.4764705,Private room,150,30,2,10/9/2017,0.22,1,179
21514950,"All NEW furnishings, 3 Bedroom,Close to GG Park",156337070,Paul,,Inner Richmond,37.78019263,-122.4704143,Entire home/apt,290,7,0,,,1,258
21680487,"Spacious Room #2, extra in law room, sleep up to 6",157821053,Judy,,Inner Richmond,37.77553308,-122.4552159,Private room,77,1,17,3/9/2018,3.64,4,142
21683247,"Private big Room #4, queen size bed, sleep up to 4",157821053,Judy,,Inner Richmond,37.77630507,-122.4685094,Private room,88,1,14,3/19/2018,3.59,4,109
21682973,"Bright Private Room #1, queen size, sleep up to 4",157821053,Judy,,Inner Richmond,37.77584551,-122.4674792,Private room,88,1,17,2/25/2018,3.75,4,43
23466155,"Warm one bedroom in cozy 1916 home, Inner Richmond",175119952,Batshir,,Inner Richmond,37.77488494,-122.4745591,Private room,60,2,5,3/31/2018,5,1,166
1393654,Quiet house in geo center of City,4921,Kevin,,Inner Sunset,37.7523809,-122.4586718,Private room,90,1,401,4/3/2018,7.07,2,50
4429475,**Recently renovated** Cole Valley home + parking,356625,Mike,,Inner Sunset,37.76372567,-122.4524839,Entire home/apt,360,3,46,3/11/2018,1.15,1,98
2372569,SUNNY ROOM 1/2 BLK. FRM G.G. PARK,446698,Frank,,Inner Sunset,37.76297979,-122.4618549,Private room,99,2,158,4/3/2018,3.19,1,54
9119021,Inner Sunset Studio,849360,Shannon,,Inner Sunset,37.76136062,-122.4634999,Entire home/apt,122,2,89,3/9/2018,3.57,1,68
22140977,Stunning Edwardian 4 bed/3.5 Bath Sleeps 11,2146719,Nikki,,Inner Sunset,37.7541364,-122.4759793,Entire home/apt,350,2,2,4/3/2018,1.25,3,66
3721927,Upscale Golden Gate Pk Master Suite,5020218,Kelly,,Inner Sunset,37.75926643,-122.4631119,Entire home/apt,199,3,207,3/23/2018,4.62,2,20
22282434,Private Suite with Views in San Francisco,17523959,Geoffrey & Phoebe,,Inner Sunset,37.75686639,-122.4610188,Entire home/apt,100,2,15,3/27/2018,7.26,1,80
21636740,Family Friendly House Near Golden Gate Park,19332601,Sharon,,Inner Sunset,37.75263065,-122.4682331,Entire home/apt,300,5,0,,,1,21
15422949,Private Room in Inner Sunset by UCSF & Golden Gate,21430100,Khanh,,Inner Sunset,37.76400795,-122.4591823,Private room,80,1,38,1/28/2018,2.11,2,11
22167191,Sunny garden Apt. near Golden Gate Park and UCSF,34370519,Luis,,Inner Sunset,37.76226775,-122.4686192,Entire home/apt,100,4,1,1/29/2018,0.43,1,8
20258481,Bedroom in Clean Shared House w/ Friendly Cats.,38757653,Terry,,Inner Sunset,37.76229071,-122.4740247,Private room,125,1,19,3/29/2018,3.13,1,143
24021724,Comfy King Room in Shared Home Near Haight-Ashbury,43954646,Lance,,Inner Sunset,37.76522192,-122.4535677,Private room,109,3,0,,,3,115
12228334,Spacious flat near Golden Gate Park,65789361,Hadas,,Inner Sunset,37.76019546,-122.47605,Entire home/apt,330,5,16,3/27/2018,0.72,1,0
13233167,"Tina's Room by Golden Gate Park (shared 
kitchen)",68432368,Brian,,Inner Sunset,37.76433943,-122.469053,Private room,70,1,44,4/4/2018,2.26,3,157
13999742,"Brand New 3BR/2BA Inner Sunset Apartment, A+ Loc'n",83641324,Silke,,Inner Sunset,37.76255873,-122.4700346,Entire home/apt,300,4,48,3/24/2018,3.83,1,68
21996653,Brand New 1 brm Apartment for Business/Vacation,102886914,Nadine,,Inner Sunset,37.7615859,-122.4756174,Entire home/apt,175,2,21,3/27/2018,5.38,1,188
16844534,"Beautiful, artistic, home in fantastic location!",112153141,Vincenzo,,Inner Sunset,37.75934631,-122.4758372,Entire home/apt,175,4,10,2/19/2018,0.72,1,47
18785944,Brand New! Charming & Cozy Master Bedroom - Room A,128943312,Victor & Christiana,,Inner Sunset,37.75004445,-122.4739111,Private room,78,1,44,3/29/2018,4.31,4,150
19608483,Private 1st floor with 2 bedrooms & 1 bath!,137877108,Oba,,Inner Sunset,37.75654018,-122.4629401,Private room,150,1,38,11/16/2017,4.81,1,4
24248960,Cozy room with a view (Third Floor Rm 2),161356867,Charlie,,Inner Sunset,37.76494965,-122.4541973,Private room,95,1,0,,,6,52
24233576,Comfortable cozy room for a solo traveler,161356867,Charlie,,Inner Sunset,37.76441614,-122.4544152,Private room,95,1,0,,,6,83
1076776,Private room (2floor) San Francisco,5911635,Maya,,Lakeshore,37.70650131,-122.4831418,Private room,89,4,16,3/24/2018,0.28,2,265
11479776,Master Room King Bed Private Bath,7204241,Beau,,Lakeshore,37.70746425,-122.4804738,Private room,91,1,37,1/3/2018,1.6,4,18
22117426,New 1 Bed In-Law with Private Entrance Near SF,7968430,Sunny And Mimi,,Lakeshore,37.70519835,-122.4775271,Entire home/apt,99,1,18,3/23/2018,5.51,1,84
23844631,"3 Bedroom, 3 Bathroom, 2 Queen, 1 Twin, 1-5 Guests",11609628,Isaac,,Lakeshore,37.73335658,-122.4919344,Entire home/apt,224,1,0,,,5,228
18878559,Private Bedroom ,59258209,Felix,,Lakeshore,37.73174086,-122.4908757,Private room,75,2,11,10/9/2017,1.11,1,177
18286171,Quality Prvt Suite 1Br/1Ba Prvt Entry w Parking,62034618,Ting Ting,,Lakeshore,37.73076291,-122.4919141,Entire home/apt,65,1,40,3/28/2018,4.18,3,210
14360687,My Castle.,88054748,Dora,,Lakeshore,37.73412038,-122.4790227,Entire home/apt,295,30,26,10/5/2017,1.38,2,365
17016637,Gracious room in pine lake park.,106291188,May,,Lakeshore,37.73522504,-122.4809918,Private room,88,1,68,3/28/2018,5.02,1,117
23732691,Sunshine Room,145405692,Helen,,Lakeshore,37.73352499,-122.4754514,Private room,120,1,3,3/30/2018,3,5,0
21326940,Lakeshore cozy room,154389738,Wa Chi,,Lakeshore,37.73202942,-122.4979712,Private room,70,1,10,3/30/2018,4.11,2,118
284766,Converted 1911 Stable  - Cow Hollow/Marina,607958,Michelle,,Marina,37.79921354,-122.4319125,Entire home/apt,300,2,9,3/25/2018,1.3,1,32
134015,Ideal location in Marina + Private deck,657837,Heidi,,Marina,37.80356039,-122.4258887,Entire home/apt,305,3,64,12/25/2017,0.78,1,0
6092935,5 star bed. Private floor. Great location.,846183,Kelli,,Marina,37.79698154,-122.4438418,Entire home/apt,250,2,44,3/23/2018,2.32,1,16
810315,private room,1504399,Skt,,Marina,37.80013983,-122.4245631,Private room,70,3,9,4/1/2018,0.35,1,48
1263837,Interior Designers apartment:Marina,1901589,Kelly,,Marina,37.79940577,-122.442984,Entire home/apt,275,5,39,3/29/2018,0.67,1,333
1615260,Best Marina location 2bd/2bath/prkn,2841434,Don,,Marina,37.80461643,-122.4409448,Entire home/apt,475,2,40,3/4/2018,0.8,1,347
581216,"Beautiful, spacious Marina flat",2860364,Cathie,,Marina,37.80171787,-122.4350131,Entire home/apt,196,3,233,3/25/2018,3.34,1,180
4838843,"Large, Beautiful Flat in Cow Hollow",2917099,Allie,,Marina,37.79749206,-122.4425795,Entire home/apt,550,1,30,3/21/2018,0.88,1,320
21069437,Upscale home in Marina district,3198692,Alexandra,,Marina,37.80403865,-122.4340249,Entire home/apt,650,4,0,,,2,27
640605,San Francisco Marina Garden Studio ,3198692,Alexandra,,Marina,37.8039197,-122.4342225,Entire home/apt,185,30,50,2/27/2018,0.73,2,88
1429022,MARINA DISTRICT Penthouse Flat- Steps To The Bay,3653917,Paul,,Marina,37.80375331,-122.4467225,Entire home/apt,431,3,1,8/31/2013,0.02,1,214
3489100,"4BR/3BA San Fran Masterpiece, ",4641823,TurnKey,,Marina,37.79704429,-122.4283726,Entire home/apt,1599,2,2,8/7/2017,0.06,1,120
7562547,Marina garden apartment & yard--location & parking,5038756,Jodi,,Marina,37.80332254,-122.4398226,Entire home/apt,350,2,13,3/28/2018,0.4,1,95
7921739,"Luxury 1 Bed Apt, Marina/GGB Views",7408876,Corin,,Marina,37.80527831,-122.440265,Entire home/apt,329,7,24,2/23/2018,0.77,2,120
20746223,Charming Studio with Private Backyard and parking,8329745,Alice,,Marina,37.80121083,-122.4372719,Entire home/apt,130,30,1,12/9/2017,0.25,1,244
15649595,Spacious Private Bedroom in Marina!,11322882,Jason,,Marina,37.79730984,-122.4369084,Private room,114,2,28,3/21/2018,1.83,1,12
2072177,Charming Marina garden two room studio.,12678886,Eugenia,,Marina,37.8060844,-122.4408695,Entire home/apt,225,3,129,3/26/2018,2.49,1,269
7111861,"Marina Villa on Bay: Early February, month of July",13621935,Margie,,Marina,37.80549814,-122.4480202,Entire home/apt,1000,3,2,9/20/2015,0.06,1,36
2802480,Marina Modern 2BR (30 day min stay),14333760,Alessandra,,Marina,37.79998537,-122.4442993,Entire home/apt,425,30,37,10/24/2017,0.78,1,335
3175769,3BR/2BA Luxury Condo w/Great Views!,16103943,Jeff,,Marina,37.79690374,-122.4440307,Entire home/apt,350,30,5,1/13/2016,0.11,1,365
4110344,Hotel Pac Hgts Queen Free Car ParkA,20850212,Young,,Marina,37.79782037,-122.4258735,Entire home/apt,99,1,65,10/15/2017,1.54,15,0
13239943,Hotel Pac Hgts 2 Bed Free Car ParkF,20850212,Young,,Marina,37.79757334,-122.4256508,Entire home/apt,131,1,93,3/23/2018,4.12,15,191
7547105,SF Garden Studio w/ensuite bathroom,39547914,Diana,,Marina,37.80165639,-122.4462113,Private room,130,3,87,3/17/2018,2.68,1,227
8187662,Bayfront Garden bedroom!!!,43189467,Sherry,,Marina,37.80656823,-122.4350094,Entire home/apt,149,1,173,3/21/2018,5.5,1,281
12607119,Gorgeous 6 bd/4 ba Marina Home w Garden & Parking,68425495,Julie,,Marina,37.80389517,-122.4397436,Entire home/apt,1250,2,28,3/25/2018,1.35,1,306
27028,Secret Mission Garden,7149,Ivan & Wendy,,Mission,37.76097556,-122.4215808,Private room,199,1,21,3/29/2018,0.59,2,3
2188919,Large 1BR in Mission Victorian,10135,Jason,,Mission,37.76602128,-122.4165001,Private room,99,1,195,3/14/2018,3.83,5,6
5299538,Bunk bed in the Treat Street Clubhouse,23278,Zain And Duncan,,Mission,37.75667816,-122.4147033,Shared room,33,30,100,3/13/2018,2.62,8,86
7915270,Dolce Vita,127367,Annette,,Mission,37.76308226,-122.4215514,Entire home/apt,100,30,2,10/31/2017,0.23,20,344
78651,Heart of the Mission: Hot spot,142882,Jessica And Sebouh,,Mission,37.7561541,-122.4192715,Private room,75,2,60,1/13/2018,0.72,4,298
6495015,"Victorian, Private Suite, Heart of the SF Mission",169443,Deidre,,Mission,37.75971732,-122.4216425,Private room,210,1,150,3/31/2018,4.44,2,120
41399,"Heart of San Francisco, the Mission",180530,Anton,,Mission,37.75610669,-122.4186619,Entire home/apt,290,2,65,4/4/2018,0.98,1,125
1417398,Private Room in Sunny Cottage with Private Bath,215767,Catherine And Gabe,,Mission,37.75725607,-122.4125369,Private room,110,2,164,3/22/2018,2.88,1,15
21071121,Private Room: Modern Designer SF Edwardian Retreat,222918,Lisa,,Mission,37.74802394,-122.4236508,Private room,95,2,15,3/29/2018,4.5,1,2
10297903,1BD in the Heart of San Francisco,234859,Michelle,,Mission,37.7701263,-122.4216067,Entire home/apt,175,10,14,9/4/2017,0.53,2,0
17285258,Beautiful 2-Bedroom Edwardian in the Mission,427156,Tania,,Mission,37.75846624,-122.4125109,Entire home/apt,220,1,49,3/29/2018,3.62,2,0
3028924,Private room & private bath in a charming SF home,431215,Rahul,,Mission,37.7637016,-122.4100389,Private room,125,2,26,12/2/2017,1.2,1,0
99094,Spacious Edwardian Flat SF Mission,522225,Marzio,,Mission,37.76808631,-122.4243903,Entire home/apt,185,5,11,8/21/2017,0.13,1,3
100710,Stylish Living in Liberty Hill,528857,Jonathan,,Mission,37.75629056,-122.4251775,Entire home/apt,450,6,9,8/24/2017,0.11,1,25
5560256,Beautiful shared apartment,6334749,Tim,,Mission,37.75533253,-122.4146501,Private room,195,1,0,,,2,220
17669758,Skylight Private Room in Mission Dolores,551394,Josh,,Mission,37.76874443,-122.4251457,Private room,69,1,43,4/2/2018,3.41,4,50
16324639,Heart of the Mission New Cozy Charmer,625125,Zack,,Mission,37.75993231,-122.4213667,Entire home/apt,250,5,8,3/23/2018,0.52,1,0
23580544,Room with private access to backyard,640758,Grace,,Mission,37.76963434,-122.422197,Private room,62,6,1,3/25/2018,1,1,50
59344,Private and Quiet Noe Valley Studio,284917,John,,Noe Valley,37.74565481,-122.4286438,Entire home/apt,135,2,248,4/2/2018,2.78,1,211
11752686,Quiet Artist’s Apt in the Mission,719360,Rondo,,Mission,37.75727662,-122.4209736,Entire home/apt,148,1,25,2/12/2018,1,1,0
6836785,New Studio Apartment in The Mission,727246,Erika,,Mission,37.75203195,-122.4225433,Entire home/apt,192,1,149,3/23/2018,4.4,1,141
330736,Luxury Condo w/ Views & Whole Foods,729748,Patriz,,Mission,37.76592346,-122.4062842,Entire home/apt,295,2,44,3/7/2018,0.59,1,97
8304579,2 Bed 1 Bath in Mission home,756421,Jody,,Mission,37.74951079,-122.4098009,Private room,250,1,16,1/12/2018,0.76,1,315
8564563,Comfy Classic Victorian - 2 Bedroom,944215,Taylor,,Mission,37.76867194,-122.4178576,Entire home/apt,220,3,33,3/2/2018,1.19,1,0
2707422,Central Mission Charm Modern Luxury,947495,Carlos,,Mission,37.76293708,-122.4241577,Entire home/apt,184,4,17,9/29/2015,0.36,1,0
21880287,Room in art-filled Mission District Victorian Home,963387,Michael,,Mission,37.75421601,-122.4167211,Private room,75,2,28,4/4/2018,6.56,2,23
3751230,Business traveler friendly 2BR in the Mission,1040664,Erin,,Mission,37.76218779,-122.4218255,Entire home/apt,200,30,15,11/18/2017,0.55,1,288
5617847,Authentic Mission Victorian,1097730,Saana & Matt,,Mission,37.76004109,-122.4180927,Private room,125,3,77,2/23/2018,2.07,2,0
11115880,Sunny Spacious Edwardian Flat,1182515,Michelle,,Mission,37.75471988,-122.4103397,Entire home/apt,350,3,39,3/26/2018,1.61,1,13
17695233,"Entire 2 bed 2 bath in Mission, up to 6 people",1291823,Koncha,,Mission,37.75964359,-122.419361,Entire home/apt,335,2,2,6/26/2017,0.2,3,0
8734202,Cute 1 bedroom in the Mission,1377777,Laura,,Mission,37.76805409,-122.4215238,Entire home/apt,150,2,31,2/11/2018,1.07,1,13
11939561,Private Mission Garden Studio,1401824,Tiffany,,Mission,37.75176801,-122.4154344,Entire home/apt,165,3,81,3/31/2018,4.01,1,67
4624467,"GorgeousVictorian Rm, TrendyMission",1502207,Yaella,,Mission,37.75506955,-122.4168171,Private room,169,2,14,7/16/2017,0.4,2,329
11352921,Spacious & Beautifully Renovated,1556091,Barb,,Mission,37.76099617,-122.4217991,Entire home/apt,245,3,26,12/27/2017,1.09,2,1
4748287,BEDROOM (Mission District),1776403,Ken,,Mission,37.7565266,-122.409218,Private room,64,1,28,3/29/2018,0.79,3,280
20426651,"Bright, Airy Large Mission Room",1819112,Beverly,,Mission,37.75054084,-122.4090672,Private room,95,5,8,12/20/2017,1.24,3,246
2290365,Large 3 Bedroom Condo in Prime Location,1908798,Tal,,Mission,37.76928217,-122.4234162,Entire home/apt,180,2,13,4/1/2018,4.48,3,46
15853561,Modern urban oasis with 360 city views,2028100,Mary Ann,,Mission,37.76207429,-122.4063294,Entire home/apt,650,5,9,11/25/2017,0.59,1,12
2569250,Mission District Large Studio w/ Separate Kitchen,2119435,Lorenzo,,Mission,37.75639245,-122.4207745,Entire home/apt,125,120,20,10/15/2017,0.41,1,51
865873,"Huge Modern 2BR Apartment, Close to Everything",2238981,Lenza,,Mission,37.76251893,-122.4242846,Entire home/apt,375,30,32,1/10/2018,0.7,2,21
1909613,Quiet 2B Heart of the Mission w/Garden & Parking,2243934,Adrienne,,Mission,37.76431288,-122.4244759,Entire home/apt,239,4,2,1/2/2018,0.23,1,1
10528294,Sunny 2Rm Suite Unbeatable Location,2318460,Adrienne,,Mission,37.76094674,-122.4209833,Private room,130,2,62,4/1/2018,2.42,1,66
470686,Private bath/Queen bdrm/Super Location,2335495,Hao,,Mission,37.7673056,-122.4254201,Private room,125,1,216,3/9/2018,3.06,2,0
499096,Charming Garden Studio Dolores Park,2463273,Ingrid,,Mission,37.75852755,-122.4238706,Entire home/apt,100,4,147,4/3/2018,2.14,1,68
522089,Mission Dolores House in Prime Area,2567585,Ron & Lauren,,Mission,37.75980516,-122.424469,Entire home/apt,439,3,28,8/7/2017,0.4,1,29
8670481,Designer Mission 3 BDRM Victorian,2608801,Jay,,Mission,37.75349384,-122.4195855,Entire home/apt,295,30,100,11/27/2017,3.36,1,258
5019863,Sweeping city views! Perfect mission/Dolores loca,2764634,Lauren,,Mission,37.75865034,-122.4252964,Entire home/apt,160,30,30,2/16/2018,0.76,1,229
622134,- PRIVATE MISSION OASIS -,3083707,Joe,,Mission,37.75516978,-122.4037656,Entire home/apt,175,4,27,3/6/2018,0.4,1,19
8762967,Mission Hideaway with Outdoor patio,3155848,Adam,,Mission,37.75124693,-122.4082615,Entire home/apt,160,2,82,3/17/2018,3.72,1,324
23352511,Quaint 1 Bedroom in SF's historic Mission District,3240477,Rick,,Mission,37.75361242,-122.406988,Private room,70,3,5,3/27/2018,3.19,2,49
1587410,Quiet and Vibrant Mission District,3563770,Laurel,,Mission,37.7579646,-122.4190255,Entire home/apt,180,6,65,2/8/2018,1.17,1,256
744901,Beautiful Home Near Dolores Park,3905257,Erin,,Mission,37.75817087,-122.4254617,Entire home/apt,425,4,29,12/29/2017,0.5,1,256
769734,Cottage in the Mission,4060777,Annie,,Mission,37.75633534,-122.4097587,Private room,85,2,68,3/26/2018,1.3,1,324
6604799,Private Modern Design Mission Rm #2,4091830,Daniel,,Mission,37.74821961,-122.4182616,Private room,160,1,60,3/26/2018,1.75,3,170
23392995,Private large furnished room in a great apartment,4107779,Charles,,Mission,37.75141546,-122.409428,Private room,95,2,3,3/31/2018,3,2,16
14329222,Huge Sunny bedroom just for you .,4107779,Charles,,Mission,37.75006831,-122.4101311,Private room,110,2,5,10/22/2017,0.25,2,23
16900525,Sunny Mission Victorian with Contemporary Flair,4225463,Scott,,Mission,37.75368076,-122.4205052,Entire home/apt,249,3,10,7/16/2017,0.73,1,0
817279,Clean and Centrally Located Mission Apartment,4292698,Yas,,Mission,37.7575786,-122.4184603,Entire home/apt,215,4,18,3/28/2018,0.69,1,0
2011311,STUNNING Mission Oasis by 24th BART,4344454,Elliott,,Mission,37.74967135,-122.4110301,Entire home/apt,160,3,20,4/16/2017,0.45,1,4
14125801,2bd Beautiful Updated Gem in Mission Dolores,4407906,Marie,,Mission,37.7615023,-122.4211684,Entire home/apt,375,2,8,11/9/2017,0.39,1,4
867555,2-bedroom Oasis in Mission District,4562696,Charles & René,,Mission,37.76649963,-122.4182984,Entire home/apt,649,4,26,2/25/2018,0.47,2,329
2062696,"Latin Styl n the ""Mish"" #2 -Classic 1906 Victorian",4843181,Nancy,,Mission,37.74849968,-122.4196077,Private room,85,5,63,3/18/2018,1.22,3,353
905399,"Latin Styl n the ""Mish"" #1-Classic 1906 Victorian",4843181,Nancy,,Mission,37.74874493,-122.4182491,Private room,85,5,105,3/19/2018,1.68,3,342
20696727,Beautiful+Sunny Studio with Roof Deck+City Views,5189021,Coy,,Mission,37.75018155,-122.408609,Entire home/apt,225,2,14,3/24/2018,2,1,70
23726798,Beautiful Mission Designer Oasis,5702464,Katie,,Mission,37.76036119,-122.4190789,Private room,293,2,1,3/19/2018,1,1,50
1094207,Extraordinary Furnished Junior 1br,6011704,Jose,,Mission,37.76015869,-122.4241257,Entire home/apt,100,30,46,1/9/2018,0.77,1,124
17071754,Light-filled Mission Room - 1 block to BART!,6136360,Jeff,,Mission,37.7530433,-122.4169494,Private room,129,2,14,3/21/2018,0.98,4,0
13282475,"24th Mission District, private, quiet, new remodel",6167267,Chris,,Mission,37.75112586,-122.4230647,Entire home/apt,225,2,90,3/31/2018,4.13,1,112
1223107,Sunny Master suite with Garden View,6229756,Sharna,,Mission,37.75862868,-122.4117893,Private room,137,3,74,3/22/2018,1.29,2,41
6437010,Room in Mission apartment - Great SF Location!,6327082,Joanne,,Mission,37.76570458,-122.4166918,Private room,91,5,68,3/12/2018,1.96,3,330
7873804,2 Bedrooms in Mission - Great SF Location!,6327082,Joanne,,Mission,37.76720776,-122.4171204,Private room,400,5,11,3/24/2018,0.35,3,344
12575461,Mission District Pied-à-terre,6476879,Joshua,,Mission,37.75195465,-122.423666,Entire home/apt,195,3,65,3/12/2018,2.94,1,140
23277928,Awesome 1BR Separate Entrance Next to Dolores Park,6597986,Kyle,,Mission,37.75957293,-122.4198313,Entire home/apt,199,2,2,4/1/2018,2,2,6
20126616,The Location You Want in a Beautiful Home!,6727610,Amanda & Eric,,Mission,37.75465543,-122.4119715,Entire home/apt,445,3,35,3/31/2018,4.29,1,65
6042966,Victorian Cottage in the Mission,6840506,Wendy,,Mission,37.75712692,-122.4152391,Entire home/apt,350,4,11,8/10/2017,0.32,1,21
9903046,Huge 4BR/4BA Modern Mission Home with Deck & Yard,7231087,Graham,,Mission,37.75080904,-122.4163747,Entire home/apt,599,1,33,3/18/2018,1.79,4,95
9197404,Mission oasis home away from home,7281723,Shawna,,Mission,37.75566325,-122.4186043,Private room,165,2,71,3/21/2018,2.42,3,0
3073393,Sunny Modern Mission Flat w/ 3 BDs,7341265,Steven,,Mission,37.76258743,-122.4246365,Entire home/apt,405,2,105,4/1/2018,2.31,1,4
24163232,Room with private deck on Balmy Alley,7426517,John,,Mission,37.75060848,-122.412177,Private room,125,1,0,,,3,0
2502127,Sunny Mission 2BD - Victorian house,7858275,Dan & Maya,,Mission,37.75297177,-122.4128058,Entire home/apt,211,1,39,9/29/2017,0.82,1,7
6272816,"Sunny, Private Room / Valencia St",7965809,Praise,,Mission,37.7698189,-122.4216038,Private room,125,1,101,3/29/2018,2.93,1,259
2046807,Charming Private Studio in Mission,8898672,Kevin,,Mission,37.76045876,-122.4190438,Entire home/apt,149,5,100,3/17/2018,2.04,1,274
1699390,Historic Victorian in Mission,8973745,Natasha,,Mission,37.7515399,-122.420379,Private room,110,2,144,3/6/2018,2.61,1,308
2020393,Sunny Mission Flat w/ Garden Deck,10384796,Sandra,,Mission,37.76952587,-122.4217808,Entire home/apt,197,4,37,1/11/2018,0.73,1,51
3238142,Charming 2 bdrm Dolores Heights Apt,10512083,Ilan,,Mission,37.75523738,-122.4219086,Entire home/apt,196,2,205,3/28/2018,4.47,1,19
4603953,"Spacious, sunny home in the Mission",10643399,Eran,,Mission,37.75878163,-122.4076679,Entire home/apt,175,1,18,4/1/2018,0.49,1,0
4825217,Hip and spacious near Dolores Park,10734731,Miles,,Mission,37.7665383,-122.4239299,Entire home/apt,224,2,32,1/15/2018,1.09,1,7
9525911,Private room in top Edwardian Flat,11245496,Masoud,,Mission,37.76764528,-122.4239505,Private room,120,1,32,4/2/2018,1.23,1,351
23377567,"Bright, modern and spacious 2-bed in the Mission",11526589,Sab,,Mission,37.76906126,-122.425993,Entire home/apt,425,3,0,,,1,13
2502368,Private Room in San Francisco's Mission District,12437454,Luis,,Mission,37.74979106,-122.4087655,Private room,92,2,39,4/4/2018,0.82,1,294
4111104,Mission Mural Hideaway,13136999,Sean,,Mission,37.75372182,-122.4088301,Entire home/apt,249,3,6,2/24/2018,0.15,1,0
2771688,2B Central Mission yet Quiet & Safe by BART/24TH,14168367,Marc,,Mission,37.7513531,-122.4176588,Entire home/apt,130,30,134,4/5/2017,2.77,1,55
19593427,Sunny Private Room in Modernized Mission Edwardian,15028456,Jane,,Mission,37.74878182,-122.4202179,Private room,95,1,21,3/6/2018,2.81,3,124
3079929,Central Two Bedroom Home with Modern Amenities,15673074,Brian,,Mission,37.77048018,-122.4238748,Entire home/apt,375,3,15,3/11/2018,0.43,2,119
3183332,❤ of Mission District | Walk+Bike Score 90+,16139570,Sarah,,Mission,37.75894614,-122.4111213,Entire home/apt,155,2,49,4/4/2018,4.21,1,149
22904891,"Elegant courtyard, Professional apt",16338882,Judy,,Mission,37.76566078,-122.4069647,Entire home/apt,120,7,0,,,1,0
3311711,Mission Bedroom w/ Private bath,16722899,Rye,,Mission,37.76878984,-122.417432,Private room,105,2,276,4/1/2018,5.96,1,190
5126076,Modern & Sunny Loft in the Mission,16913864,Aditya,,Mission,37.76583409,-122.4114084,Entire home/apt,290,3,26,2/25/2018,0.74,1,325
17795712,SF Mission Niche in nicest part of Mission,17298782,Harvey,,Mission,37.75964045,-122.4094282,Entire home/apt,225,2,29,3/25/2018,3.13,1,276
14670800,"Sunny, cozy 1BD in Heart of the Mission",17471892,Kat And Adam,,Mission,37.7585659,-122.4188985,Private room,125,3,43,3/15/2018,2.17,1,32
23876452,Spacious Bedroom Private Entrance 2 min from BART,18835179,Muna,,Mission,37.76626396,-122.4238927,Private room,120,1,0,,,2,73
4500244,Sunny Sweet Mission Dolores Apartment,21195442,Elizabeth,,Mission,37.75742313,-122.4236494,Entire home/apt,180,30,26,1/28/2018,0.63,1,302
9196933,Dolores Terrace Hidden Gem,25276846,Deborah And Jim,,Mission,37.76353981,-122.4252409,Private room,125,2,82,3/30/2018,3.03,1,112
8308630,2 Beds in Cozy Mission Room,27964266,Dominic,,Mission,37.75828897,-122.4196305,Private room,89,4,103,3/13/2018,3.34,3,148
14305759,"Cozy Room in Victorian House, Mission District",29483318,James,,Mission,37.75152098,-122.4085441,Private room,100,1,108,3/31/2018,5.36,3,273
6324586,Lovely Family Friendly Mission Flat,32912359,Laura,,Mission,37.75043577,-122.4101017,Entire home/apt,240,5,4,6/18/2017,0.12,1,0
8565299,SINGLE FAMILY 2BR/2BA MISSION HOME,45077913,Geoff,,Mission,37.74915714,-122.4198564,Entire home/apt,750,2,21,1/10/2018,0.85,1,49
19014320,Cozy Garden Cottage in SF's Mission Neighborhood,49354377,Tyrisha,,Mission,37.75238209,-122.4128848,Entire home/apt,89,2,69,3/27/2018,6.9,1,184
10280573,"Mission Private 1BR/BA Luxe Garden Suite, Prvt Ent",50292803,Bradley,,Mission,37.75111378,-122.4133564,Private room,175,3,90,4/3/2018,3.42,1,91
23997103,garden view in the best usa #1hangoutfull bunk bed,54515423,Elliot,,Mission,37.76916484,-122.4221887,Private room,70,1,0,,,3,24
13714899,Noe/Mission Victorian Flat,58762070,Marci,,Mission,37.75362764,-122.4240429,Entire home/apt,199,1,82,4/3/2018,3.89,2,302
14773204,Luxury Streetside Apt Near Public Transportation,61995035,Pete And Ivan,,Mission,37.76667538,-122.4170325,Private room,105,2,102,3/18/2018,5.28,3,307
12115392,Incredible: steps from Dolores Park,64988873,Ethan,,Mission,37.75675319,-122.4246655,Private room,105,1,111,3/18/2018,4.53,1,12
12952172,FALL SPECIAL - Cool & Cozy 2 BR Mission Cottage,71163588,Liborio,,Mission,37.76222242,-122.4078375,Entire home/apt,189,30,22,1/9/2017,1,1,95
20814139,Dolores Park Dream Room,76373847,Jessica,,Mission,37.75961554,-122.4251533,Private room,100,2,15,3/14/2018,2.53,1,25
13688416,Gorgeous Victorian Home In Central Mission,79745190,David,,Mission,37.75756198,-122.4172853,Entire home/apt,200,3,23,7/29/2017,1.1,1,0
16173016,Beautiful one bedroom Retreat - Mission District,105578739,Elizabeth,,Mission,37.76148205,-122.4092539,Entire home/apt,200,1,43,3/24/2018,2.91,1,263
22750647,"Quiet, Luxury Mission home near BART and Valencia",113731986,Anne And Cameron,,Mission,37.76187868,-122.421366,Entire home/apt,800,5,0,,,1,20
22658072,Cute Mission District Apartment off Valencia St!,121963757,Mayra,,Mission,37.754479,-122.4206371,Private room,100,2,7,4/4/2018,3.39,1,32
22907447,"20th Street, Mission District - BART/Tech Shuttles",169571704,Kyle,,Mission,37.75892612,-122.4188207,Entire home/apt,115,3,17,4/4/2018,7.97,1,42
18103749,30 Day Min - Remodeled 2 bedroom Nob Hill,828220,Airbnb,,Nob Hill,37.79154526,-122.4121721,Entire home/apt,500,30,6,3/29/2018,0.73,1,291
2104437,"BIG room, Views & Roof Deck with 5/5 STAR reviews!",2682061,Jose,,Nob Hill,37.79549707,-122.4110581,Private room,120,30,40,9/3/2017,1.11,4,300
10789339,Russian Hill condo panoramic views,4001073,Hosein,,Nob Hill,37.79686976,-122.4138146,Entire home/apt,300,2,73,3/26/2018,2.77,1,0
13751537,Cozy Studio with Cable Car Access in Nob Hill,7029404,Debbie,,Nob Hill,37.79092889,-122.4177693,Entire home/apt,225,2,12,2/3/2018,0.64,1,4
3761446,Amazing Large Central Flat,8056326,Rob,,Nob Hill,37.79148058,-122.4138615,Entire home/apt,1250,2,24,3/25/2018,0.73,1,335
12362408,The SWEET Spot - Central Location,8263560,Majid,,Nob Hill,37.78963357,-122.4135083,Entire home/apt,240,2,47,2/28/2018,2.4,1,5
1632521,"Nob Hill charm, location, and view!",8539143,Dave,,Nob Hill,37.79533033,-122.4131665,Entire home/apt,218,3,29,3/27/2018,0.53,1,78
11202756,Nob Hill One Bedroom Condo,15495234,Carole,,Nob Hill,37.79440588,-122.4140874,Entire home/apt,150,4,4,3/2/2018,0.17,1,1
4058557,Small Room in The Heart of SF,20130105,Clark,,Nob Hill,37.79460906,-122.4121318,Private room,85,1,238,3/16/2018,5.52,3,49
4401445,Spectacular Nob Hill Penthouse! ,22847734,Paul,,Nob Hill,37.79255158,-122.4129017,Entire home/apt,800,4,32,12/29/2017,0.81,1,0
11242044,Nob Hill Bedroom #6,23719876,Yumi,,Nob Hill,37.79227222,-122.4205917,Private room,120,30,10,4/8/2017,0.45,3,232
11241809,Nob Hill Bedroom #5,23719876,Yumi,,Nob Hill,37.79212309,-122.4213379,Private room,100,30,16,3/17/2018,0.68,3,234
22277743,Plush Three Bedroom Home in the Heart of Nob Hill,27368404,Eddie,,Nob Hill,37.79546228,-122.4111018,Entire home/apt,1000,2,0,,,4,109
9880029,Live like a San Franciscan - perfect location!,33672355,Madison,,Nob Hill,37.79101041,-122.4141347,Entire home/apt,175,3,2,10/28/2017,0.29,1,0
21763555,Charming & Spacious full 1 BR for Great SF Stay,43780098,Michael,,Nob Hill,37.79270571,-122.4189264,Entire home/apt,110,2,10,3/20/2018,2.26,1,0
19904931,Centrally Located Studio,54673052,Dylan,,Nob Hill,37.79659483,-122.4160305,Entire home/apt,80,30,17,1/6/2018,2.39,1,15
17026443,Big Room-New furniture/big TV- Union Square,114209374,Lisa,,Nob Hill,37.79064752,-122.4102078,Private room,75,30,60,2/3/2018,4.75,1,231
20936337,**New Listing - PRIVATE ROOM with en-suite bath #3,136470616,Jessica,,Nob Hill,37.79113071,-122.412368,Private room,69,1,37,3/21/2018,7.4,5,296
19591783,Nob Hill Oasis - private room in tiny house,136792470,Carmen,,Nob Hill,37.79494879,-122.4107145,Private room,125,1,45,3/18/2018,4.95,2,224
5094146,Charming Sun-Room with Futon,304426,Abhay,,Noe Valley,37.74215852,-122.430114,Private room,65,1,129,3/18/2018,3.34,2,44
589676,Light garden facing room with Private Bath,335127,Irene,,Noe Valley,37.7503639,-122.4262059,Private room,99,1,120,4/2/2018,4.38,4,18
4263821,Bright small room with garden view,335127,Irene,,Noe Valley,37.75092994,-122.4270217,Private room,65,2,155,4/2/2018,5.02,4,19
2164917,Wonderful light filled room,335127,Irene,,Noe Valley,37.75091795,-122.4274443,Private room,89,1,160,3/28/2018,6.17,4,8
15027416,Panoramic Views + Modern Noe Home (Hosted),1577584,Lauren & Mitch,,Noe Valley,37.75151922,-122.4419723,Entire home/apt,295,1,5,11/9/2017,0.27,3,0
3630122,"Heartfelt Space, Great Noe Location",2544554,Joel,,Noe Valley,37.75160582,-122.4300998,Entire home/apt,675,5,1,8/15/2017,0.13,1,205
594387,Noe Valley 3BR/2.5 BA w/ views,2935501,John,,Noe Valley,37.75300767,-122.4368555,Entire home/apt,550,3,149,4/5/2018,2.15,1,65
602535,Charming Victorian in Vibrant Noe,2981490,Sabra,,Noe Valley,37.74365566,-122.429925,Entire home/apt,575,5,8,12/30/2017,0.12,1,0
22795431,Quiet & private room in charming Noe Valley home,3117410,Alexandra,,Noe Valley,37.75207439,-122.437453,Private room,75,2,1,2/11/2018,0.54,1,1
4311670,Cool Victorian in Cool Neighborhood,3228078,Marla,,Noe Valley,37.75297198,-122.4272473,Private room,95,1,56,4/1/2018,1.34,3,72
727969,Spacious 1 Bedroom with Garden in Sunny Noe,3729230,Grace & Steve,,Noe Valley,37.75353962,-122.4337165,Entire home/apt,200,1,208,3/21/2018,3.13,2,321
22033453,"Noe Valley 5-Star Home- 2 BD, 2 BA, great location",3817487,Bruce/Keith -,,Noe Valley,37.75406145,-122.4383808,Entire home/apt,475,4,1,1/12/2018,0.35,2,115
16179065,"Quiet, Recently Re-Done Large Studio / Noe Valley",3817487,Bruce/Keith -,,Noe Valley,37.75310296,-122.4362087,Entire home/apt,189,3,20,3/24/2018,1.37,2,272
7982082,"Gorgeous SF home, spectacular downtown views",4033641,Christina,,Noe Valley,37.74697196,-122.4381695,Entire home/apt,450,2,18,4/2/2018,0.58,2,310
5345792,Private room: Castro/ Dolores Park,4253502,Leo,,Noe Valley,37.75613421,-122.4308102,Private room,165,3,102,3/1/2018,2.71,1,273
5882524,Noe Valley Modern View Home,4656636,Michael,,Noe Valley,37.75029558,-122.4420444,Entire home/apt,250,3,9,3/11/2018,0.54,1,71
15311500,Sunny private room in Victorian with SF Native,5062811,Mira,,Noe Valley,37.75016599,-122.4305179,Private room,117,2,54,3/16/2018,2.95,2,40
5317789,Sunny Home in Noe with Garden Oasis,5415942,Josiane,,Noe Valley,37.74731007,-122.4326377,Entire home/apt,200,1,21,4/1/2018,0.58,1,116
22814781,Prime Location in Noe Valley with lots of charm!,5466655,Nick,,Noe Valley,37.75355832,-122.4369854,Private room,95,2,3,3/9/2018,1.96,2,41
1030703,Lovely and spacious Noe Valley home,5672005,Jean-Claude,,Noe Valley,37.75232883,-122.428341,Entire home/apt,525,4,11,10/25/2016,0.19,1,274
21966629,QUIET COZY NOE VALLEY FLAT,5872373,Diana,,Noe Valley,37.74613084,-122.4289194,Entire home/apt,150,2,9,4/2/2018,2.45,1,81
6238514,Noe Valley 2 bedroom retreat,6249565,Michael,,Noe Valley,37.74714549,-122.430588,Entire home/apt,350,1,56,3/28/2018,1.61,1,290
22953350,Sunny Medditeranean in Noe Valley,6295982,Pablo,,Noe Valley,37.75368716,-122.4286423,Entire home/apt,249,3,4,3/30/2018,2.5,1,43
23106047,"Charming Studio, Private Entry & Beautiful Garden",6817200,Jayme,,Noe Valley,37.75208651,-122.4417569,Entire home/apt,150,1,5,3/23/2018,3.13,1,72
17622741,Calming oasis with views -- MASTER BEDROOM & BATH,7919623,Marc,,Noe Valley,37.75113929,-122.4255754,Private room,125,3,3,3/23/2018,0.27,2,354
7034114,Spacious and Sunny Noe Valley Gem!,8280568,Barbara,,Noe Valley,37.74736271,-122.4248953,Private room,125,1,24,11/20/2017,0.73,3,0
5559608,Beautiful Large Room in Upgraded Noe Valley Home,8811880,Matthew,,Noe Valley,37.75285774,-122.4266324,Private room,308,2,13,3/22/2018,0.35,2,0
4663060,Peaceful Noe Valley private unit near everything,10924383,Mark,,Noe Valley,37.74471278,-122.4313357,Entire home/apt,140,1,208,3/19/2018,5.09,2,83
4663132,Zen Noe Valley 3+ Bedroom Home w/ Dramatic Views,10924383,Mark,,Noe Valley,37.74497791,-122.432745,Entire home/apt,575,3,14,3/23/2018,0.34,2,201
2947746,Lovely sunlit room in Noe - Views!,15047866,Michelle & Ben,,Noe Valley,37.75043334,-122.4339866,Private room,88,2,175,3/20/2018,3.67,1,287
13810224,Spacious Noe Valley Hideaway w Private Deck & View,15284484,Lochlann,,Noe Valley,37.74917747,-122.4367519,Entire home/apt,148,1,27,3/7/2018,3.46,2,133
6727254,Noe Valley Victorian - Eureka!,18151037,Valerie,,Noe Valley,37.7532274,-122.4374096,Private room,105,2,16,10/14/2017,0.48,9,293
4121114,Noe Vly Victorian w/Twin Peaks View,18151037,Valerie,,Noe Valley,37.75240992,-122.4370686,Private room,145,2,80,3/2/2018,1.95,9,232
6505426,Noe/Castro 1BD Hideaway,18949688,Jeff,,Noe Valley,37.7531561,-122.4372234,Entire home/apt,200,2,144,3/30/2018,4.48,1,218
8272458,Perfect for you in a quiet neighborhood,19364894,Rafe,,Noe Valley,37.75410875,-122.4383212,Entire home/apt,125,2,123,3/26/2018,4.83,1,112
16052656,Big 3 br Noe Valley Home - Walk to 24th Street!,25707444,Kathryn,,Noe Valley,37.75099045,-122.4407831,Entire home/apt,495,2,17,4/1/2018,1.1,1,139
5193689,Casa Montero in Noe Valley,26866124,Roberto,,Noe Valley,37.74203306,-122.429993,Private room,200,3,0,,,1,41
11532945,Garden Apt. in Beautiful Noe Valley,27335724,Alex,,Noe Valley,37.74458888,-122.4275157,Entire home/apt,185,3,43,3/12/2018,1.93,1,64
6273745,Beautiful 3bd Noe Valley Home,28945865,Eric,,Noe Valley,37.7514352,-122.4416798,Entire home/apt,350,3,8,8/3/2017,0.23,1,0
7331464,2br-1ba private guest-suite in Noe Valley,32687481,Susan,,Noe Valley,37.74897773,-122.4312498,Entire home/apt,250,2,64,3/27/2018,4.97,1,231
6425800,"Private 2nd fl, 1 Bdr, 1 Bath",33531559,Melissa,,Noe Valley,37.75085736,-122.4314684,Private room,168,2,43,3/31/2018,1.27,1,352
7026287,Separate Entrance/Private Bathroom in Noe Valley!,36833202,Melissa & Nicole,,Noe Valley,37.74962834,-122.4299486,Private room,119,2,180,4/1/2018,5.68,1,113
8128524,Noe Valley Home,42922912,Anna,,Noe Valley,37.74916534,-122.4294524,Entire home/apt,2800,5,0,,,2,0
12290613,Cozy Garden Level Studio Apartment,57045955,Philip,,Noe Valley,37.74670683,-122.4315335,Entire home/apt,129,1,101,3/28/2018,4.4,1,66
13084294,Hip Art deco 1 bdr-  Sunny Mission Dolores,72600142,Jay,,Noe Valley,37.75545038,-122.4268132,Entire home/apt,200,30,15,6/17/2017,0.71,1,70
18140914,Spectacular SF Victorian. Sunny Garden Apartment.,125069867,Sandhya,,Noe Valley,37.75181681,-122.4373963,Entire home/apt,130,1,16,3/22/2018,1.98,1,97
18753198,"Noe Valley Luxury Modern: 4 bedroom, 3 bath",130467604,Tanya,,Noe Valley,37.75016099,-122.4381472,Entire home/apt,895,4,8,4/2/2018,0.82,1,62
22230201,Green and golden,162419166,Carol,,Noe Valley,37.75223626,-122.4253662,Private room,100,3,11,4/1/2018,4.02,1,49
18656474,"Spacious, sunny bedroom for exploring SF",1569866,Tian,,North Beach,37.79953747,-122.4080039,Private room,110,3,19,3/24/2018,2.05,1,13
14355639,Luxurious North Beach Flat,2032250,Brian & Sara,,North Beach,37.8054954,-122.4131592,Entire home/apt,181,2,25,3/26/2018,1.6,2,51
4120530,Perfect Business or Vacation Home/Top 5 Location,3054821,Nidia,,North Beach,37.79949681,-122.4050025,Entire home/apt,220,30,19,8/26/2017,0.46,2,309
15478431,Unique Experience Cozy Sailboat SF Pier 39,4966974,Edward,,North Beach,37.80728248,-122.4105711,Entire home/apt,131,1,71,3/29/2018,4.01,3,184
14505006,Telegraph Hill Suite Spot,8237509,Susann,,North Beach,37.80159003,-122.4028113,Entire home/apt,195,2,54,3/28/2018,3.03,1,186
20885687,Stunning Telegraph Hill Apartment w/ Views,9582366,Kyle,,North Beach,37.80200962,-122.4053596,Entire home/apt,950,3,0,,,1,170
15194320,SHARED Room Crypto Community Experience Bed A,12176788,Jean-Loïck & Louis,,North Beach,37.80238793,-122.4100413,Private room,80,31,13,10/29/2017,0.72,3,322
11087847,Cozy Triple Room Hotel/Shared Bath,20870285,San Remo,,North Beach,37.80507746,-122.4129434,Private room,159,1,12,1/28/2018,0.47,3,229
7067681,Dorm Beds @ Social SF Hostel #10,22931450,Sarah,,North Beach,37.79845009,-122.4047763,Shared room,38,1,122,3/27/2018,3.67,22,183
4887587,Private Bunk Bed Room @SF Hostel #2,22931450,Sarah,,North Beach,37.79897822,-122.4061962,Private room,83,1,48,3/23/2018,1.2,22,236
4518031,Dorm Beds at Social SF Hostel #2,22931450,Sarah,,North Beach,37.79938244,-122.4054875,Shared room,38,1,194,3/22/2018,4.67,22,206
7067087,Dorm Beds @ Social SF Hostel #11,22931450,Sarah,,North Beach,37.7992574,-122.4047635,Shared room,38,1,75,3/10/2018,2.25,22,238
4670847,Dorm Beds @ Social SF Hostel #5,22931450,Sarah,,North Beach,37.79892025,-122.4040845,Shared room,38,1,155,4/1/2018,3.89,22,227
9494726,Private Room @ Social SF Hostel,22931450,Sarah,,North Beach,37.79873205,-122.4040796,Private room,95,1,29,3/7/2018,1,22,229
9495318,Private Room @Fun & Social Hostel#3,22931450,Sarah,,North Beach,37.79933922,-122.4060944,Private room,95,1,25,3/31/2018,0.93,22,212
4519780,Dorm Beds @ Social SF Hostel #4,22931450,Sarah,,North Beach,37.79882906,-122.4047389,Shared room,38,1,166,3/23/2018,4.04,22,202
5788099,Spectacular Telegr. Hill Townhouse,30031657,Gower And Robyn,,North Beach,37.79911364,-122.4056678,Entire home/apt,625,2,33,2/27/2018,0.91,1,218
12750864,Parc Telegraph Studio Condo,49785728,Larry,,North Beach,37.80436752,-122.4058908,Entire home/apt,135,30,1,5/19/2016,0.04,1,179
17281042,2BR Fisherman's Wharf/North Beach w/ Private Deck,51827788,Andrea,,North Beach,37.80649648,-122.4129104,Entire home/apt,450,2,21,4/4/2018,1.6,1,38
10862065,Clean & Open 1BD/1BA in Prime North Beach!,56267627,Vincent,,North Beach,37.80153177,-122.406178,Entire home/apt,237,30,71,3/9/2018,2.71,1,136
22967577,North Beach with No Sand,170200817,Nodz,,North Beach,37.8039941,-122.411682,Entire home/apt,419,1,6,4/4/2018,6,1,286
535293,Amazing 3BR/3BA Radiant Heated Apt,250861,Belinda,,Ocean View,37.72301614,-122.4572945,Entire home/apt,369,30,23,10/11/2017,0.41,4,180
2509236,Private Garden Room,3248180,Sally,,Ocean View,37.72527839,-122.4684489,Private room,60,6,27,1/10/2018,1.04,2,219
15579505,City Refuge w Spacious Backyard,4381076,Grace,,Ocean View,37.71916365,-122.4559469,Entire home/apt,300,4,3,12/27/2017,0.38,2,13
22102412,Beautiful and quiet place in the Mission,4488200,Alex,,Ocean View,37.70423337,-122.4608621,Private room,200,1,0,,,1,0
24230654,Large Room near BART(local train),4912522,Ronald,,Ocean View,37.70697695,-122.4654578,Private room,65,1,0,,,1,8
13886867,Master Bedroom with Bathroom Near Public Transit,19206511,Coleman,,Ocean View,37.71324635,-122.4582404,Private room,69,1,23,3/21/2018,1.1,3,328
4863217,[1]Private Spacious Studio near SF,22267913,Henry,,Ocean View,37.70617155,-122.4647366,Entire home/apt,110,1,78,3/18/2018,2.09,12,318
13858193,[3A] Private Bedroom with Shared Bathroom,22267913,Henry,,Ocean View,37.70645288,-122.4633575,Private room,85,1,13,10/5/2017,0.63,12,321
13661869,[4B] Private Bedroom with Shared Bathroom,22267913,Henry,,Ocean View,37.70530172,-122.463284,Private room,85,1,18,3/18/2018,1,12,355
13661054,[4C] Spacious Master Guest Room,22267913,Henry,,Ocean View,37.70639469,-122.4632808,Private room,110,1,34,2/25/2018,1.66,12,302
4418649,Cozy room in a Nice Neighborhood,22936081,Zemfira,,Ocean View,37.72172305,-122.4533506,Private room,120,1,8,3/31/2018,1,1,121
21202394,2.2 Stay With Us,38163072,Evgeny,,Ocean View,37.70720486,-122.4604409,Shared room,40,3,11,3/11/2018,1.9,7,80
22601890,3.1 Wow! Casey's Review Describes Everything...,38163072,Evgeny,,Ocean View,37.70451233,-122.4678385,Shared room,25,3,3,3/18/2018,2.57,7,73
21307556,1.2 Affordable Shared Place,38163072,Evgeny,,Ocean View,37.70651465,-122.4657027,Shared room,35,3,6,3/23/2018,1.24,7,0
7368199,Master Bedroom w/ Private Entrance,38608368,Annie,,Ocean View,37.72375312,-122.4584508,Entire home/apt,75,1,202,4/5/2018,6.16,1,252
15521559,William's Room near Subway Station and SFO (W1),80498309,Kiko,,Ocean View,37.70596928,-122.4590756,Private room,68,1,73,3/26/2018,4.09,5,170
14938407,(3A) Spacious 2-Bed Room near Daly City Subway,88062053,Victor,,Ocean View,37.70827791,-122.4643213,Private room,110,1,89,3/30/2018,4.66,7,138
14938863,(3D) Cozy King Bedroom near Daly City Subway,88062053,Victor,,Ocean View,37.70697936,-122.465081,Private room,80,1,94,3/30/2018,4.92,7,115
23303361,Ingleside Master Bedroom,110324616,Mark,,Ocean View,37.71949619,-122.4552779,Private room,49,1,9,4/2/2018,5.4,2,6
19101632,Cozy Flat in Ingleside Neighborhood,120465543,Angelene,,Ocean View,37.71873413,-122.4500807,Entire home/apt,175,3,45,3/31/2018,4.66,1,52
18952349,Nice room close to Bart Station,132143825,Grant,,Ocean View,37.70434502,-122.4656796,Private room,48,1,2,6/2/2017,0.19,1,0
21191232,Private Bedroom & Bathroom in San Francisco,153041033,Marcia,,Ocean View,37.72072266,-122.4642754,Private room,50,2,2,3/29/2018,1.5,1,35
22555398,"2-Bedroom Suite with Kitchen near SFO, 101, SFSU",165737589,Claire,,Ocean View,37.71324835,-122.4698605,Entire home/apt,150,1,9,4/2/2018,5,2,142
23973022,Great City Views Daly City Home Near San Francisco,173309094,Joyce,,Ocean View,37.70845967,-122.4615677,Entire home/apt,179,1,0,,,1,46
287907,15 minutes to Downtown-Perfect SF Base with Views!,428414,Adrian & Lupe,,Outer Mission,37.73224559,-122.4361426,Entire home/apt,300,3,56,2/19/2018,0.76,1,153
11924237,The Pavilion: A San Francisco Tiny House,1433207,Eileen,,Outer Mission,37.7310348,-122.4421846,Entire home/apt,150,3,48,3/23/2018,2,1,2
2547844,Private Rooms in Family Home,3151325,Andrea,,Outer Mission,37.73262946,-122.4413978,Private room,140,1,15,8/12/2017,0.33,3,68
12562572,1-bedroom In-law apartment,4304761,Brad,,Outer Mission,37.73367629,-122.4461422,Entire home/apt,115,2,124,3/28/2018,5.34,1,183
17514911,Cozy Bedroom Private Entrance by Glen Park BART,4346095,Ava,,Outer Mission,37.73264224,-122.4381837,Private room,75,3,54,3/21/2018,4.26,4,230
4069838,"Suburb Hideaway, Private Yard, Parking, W/D",6782071,Ashley,,Outer Mission,37.72670833,-122.4353762,Entire home/apt,155,2,295,3/15/2018,6.93,1,167
2047469,Remodeled Cozy Sunny Room! - RED,10220182,Kenix,,Outer Mission,37.72491459,-122.4351552,Private room,69,2,303,4/1/2018,5.83,4,306
13605661,Cozy Private Room - Close to Bart Station,20525640,Art,,Outer Mission,37.719937,-122.4441561,Private room,65,2,48,3/18/2018,2.22,2,235
5550248,Your Home Away From Home,28776665,Iliana Escudero,,Outer Mission,37.71587466,-122.4483555,Private room,80,1,344,3/17/2018,37.39,1,257
9954950,Sunny Large Room in Mission Terrace,48729832,Rich,,Outer Mission,37.72375448,-122.4392229,Private room,85,2,43,3/17/2018,1.62,4,260
19642407,Small and Cozy,66385869,Bobby,,Outer Mission,37.72515836,-122.4419768,Private room,67,2,2,9/15/2017,0.24,5,365
14990478,Cozy Garden Cottage,71381627,Eddie,,Outer Mission,37.73095439,-122.4446876,Entire home/apt,95,1,150,4/2/2018,8.08,1,88
13933554,(Presidio) Private room_couple blocks from SF,82722582,John,,Outer Mission,37.70614929,-122.4550031,Private room,49,1,115,2/22/2018,5.54,3,148
15630209,Chez Fancy Victorian Garden Flat Parking & Hot Tub,89922939,Charles,,Outer Mission,37.72753777,-122.4344077,Entire home/apt,129,2,102,4/4/2018,6.28,1,123
15251944,"Outer Mission Private Cozy Room, Quiet Neighorhood",91188092,Tide,,Outer Mission,37.71200525,-122.4473616,Private room,85,3,16,11/10/2017,0.87,5,68
16179580,Charming in-law with a comfortable Cape Cod feel,105638927,Lori,,Outer Mission,37.73360163,-122.4437518,Private room,120,2,16,10/20/2017,1.03,1,0
22907139,(:(:(:Brand New Single House for Vacation:):):,130195754,Will,,Outer Mission,37.70434516,-122.455837,Entire home/apt,299,1,8,3/23/2018,4.29,1,49
23171836,[No.1] Sunny Private Bedroom with shared Bathrooms,158495115,Sze,,Outer Mission,37.7082264,-122.4554145,Private room,55,1,6,4/3/2018,6,6,149
29557,gigi's bed and breakfast,126036,Gigi,,Outer Richmond,37.77930832,-122.5051832,Private room,155,2,31,2/11/2018,0.33,1,245
494111,Comfortable space of your own in SF,252927,Vivian,,Outer Richmond,37.7798476,-122.4847757,Entire home/apt,120,3,89,3/18/2018,1.29,1,223
4688930,Modern remodel + period charm,257986,Nathan,,Outer Richmond,37.7808314,-122.4941808,Entire home/apt,200,2,11,3/20/2018,0.31,1,23
142177,"Stylish, Spacious and Quiet Flat!",656263,Noreen,,Outer Richmond,37.78470578,-122.4812497,Entire home/apt,350,5,159,10/7/2017,2.02,1,151
162934,Designer remodeled studio,778281,Noelle,,Outer Richmond,37.77760606,-122.5037843,Entire home/apt,149,4,166,4/4/2018,2.03,1,277
12832173,3000+ sqft family friendly home,2566492,Jim,,Outer Richmond,37.77558981,-122.4958184,Entire home/apt,350,5,4,8/7/2017,0.19,2,31
1665516,1Br/1Ba Apt in the Richmond Dist,3071180,Adam&Roz,,Outer Richmond,37.78000219,-122.4825284,Entire home/apt,150,3,139,4/2/2018,3.36,1,220
15835438,Large Family Home with all Amenities & Parking,4256843,Selena,,Outer Richmond,37.77553919,-122.5053431,Entire home/apt,280,2,6,2/19/2018,0.55,1,8
1478708,Lovely Bedroom with Private Bath,5004349,Mary,,Outer Richmond,37.77189976,-122.503716,Private room,85,2,126,3/24/2018,3.89,1,89
14371252,Beautiful bedroom with a king bed!,5326196,Mila,,Outer Richmond,37.78043041,-122.4806219,Private room,399,1,0,,,2,365
8715362,"Large, light, mid-richmond 1bd flat",6017986,Michelle,,Outer Richmond,37.77471011,-122.4838339,Entire home/apt,145,2,20,6/25/2017,0.68,1,0
2088800,Gorgeous Richmond Dist Home by GGpk,7858294,Wendy,,Outer Richmond,37.77357581,-122.4855911,Entire home/apt,150,2,15,7/9/2017,0.31,2,324
2483504,Perfect 1B/Ocean beach/GoldenGate/,11417348,Coté And Arturo,,Outer Richmond,37.77206808,-122.5001213,Entire home/apt,185,1,84,3/31/2018,1.75,1,345
16825473,Entire Golden Gate Park 1br/1ba Garden Apartment,13358652,Joan,,Outer Richmond,37.77656665,-122.4784134,Entire home/apt,148,5,28,3/17/2018,2.16,1,40
18960282,Large Bedroom for 2 w Cozy Bed in San Francisco!,14522747,Sarah,,Outer Richmond,37.77497093,-122.4901606,Private room,98,2,9,3/22/2018,3.7,2,58
2965491,Beautiful 3Br  2.5 Bath Edwardian,15131298,Geordie,,Outer Richmond,37.77268738,-122.5115,Entire home/apt,320,3,41,10/15/2017,0.89,1,23
10824720,3BDR w/free parking & laundry near beach + GG park,15946915,Ashley,,Outer Richmond,37.77893565,-122.5061081,Entire home/apt,169,1,181,3/27/2018,7.15,1,22
8456859,Beautiful Beachside Home - Perfect for Pets!,23852998,Joshua,,Outer Richmond,37.77392204,-122.5092505,Entire home/apt,150,30,95,8/1/2017,3.21,1,326
10769424,Sande's Place: Private in-law unit,30127937,Beth,,Outer Richmond,37.77361142,-122.5003692,Entire home/apt,70,2,83,3/22/2018,3.57,1,265
7069881,Spacious flat in Richmond/Sea Cliff,37068215,Kathleen,,Outer Richmond,37.78458732,-122.4827638,Entire home/apt,233,3,128,3/31/2018,3.87,1,99
8167459,PRIVATE ENTRY - Garden Studio - Near Ocean Beach,42713588,Michelle,,Outer Richmond,37.77812037,-122.5026206,Private room,133,2,197,4/5/2018,6.35,1,50
8382187,"In law studio, great location, garage parking",44172059,Ludmela,,Outer Richmond,37.7797356,-122.4989719,Private room,100,1,101,3/21/2018,3.28,1,274
15756691,Golden Gate View 1 Bedroom House,99783900,Iain,,Outer Richmond,37.77954091,-122.4901161,Entire home/apt,195,2,45,4/4/2018,2.64,1,0
23631002,Stylish 2BR Home 1 Block from Golden Gate Park,103104686,Evolve Vacation Rental,,Outer Richmond,37.77352627,-122.4997905,Entire home/apt,314,2,0,,,2,252
19588004,"Elegant, Large Single Family House near Sea Cliff",137684925,Claudine,,Outer Richmond,37.78312219,-122.4891414,Entire home/apt,400,3,1,11/26/2017,0.23,1,22
21729398,Charming 130 Sq foot Private room near Ocean Beach,157074592,ALEX / Peihong,,Outer Richmond,37.77878583,-122.4972175,Private room,65,2,16,3/30/2018,3.64,5,86
23900160,Awesome private bedroom with private full bathroom,166266082,Shan You,,Outer Richmond,37.77878232,-122.5076969,Private room,89,1,2,4/3/2018,2,2,68
23236264,All new! Lovely garden apt near Golden Gate Park,172361613,Tim And Lisa,,Outer Richmond,37.777158,-122.4892246,Entire home/apt,120,2,7,4/5/2018,6.56,1,95
16056892,Private In-Law Apt in the Sunset,316776,Molly,,Outer Sunset,37.75875181,-122.4855608,Entire home/apt,140,3,18,3/5/2018,1.72,1,56
4287481,"Spacious, Private,Excellent Location; Free Parking",357468,Rumesha,,Outer Sunset,37.76295281,-122.4832434,Entire home/apt,140,2,205,3/18/2018,4.9,1,272
3043102,Sunset Beach Chalet,1206996,Jed,,Outer Sunset,37.7628294,-122.5074956,Entire home/apt,130,2,81,4/2/2018,1.71,1,16
7451648,Bright Room in Ocean Front Home,1510937,France,,Outer Sunset,37.75997035,-122.5086631,Private room,100,1,39,3/16/2018,1.19,1,34
4718629,Great private bed with private bath 2 blks from OB,2683422,Josh,,Outer Sunset,37.74825034,-122.5063214,Private room,65,2,34,4/3/2018,5.18,1,29
20994570,City Beach,2788584,Kal,,Outer Sunset,37.764409,-122.5001081,Entire home/apt,103,2,11,3/31/2018,7.33,1,122
18856637,Lovely Room near Golden Gate Park,4139079,Billy,,Outer Sunset,37.76196331,-122.4838375,Private room,290,2,27,4/2/2018,2.64,3,25
16897188,The Book Room in the quiet Sunset,5216411,Lisa,,Outer Sunset,37.75378825,-122.4826523,Private room,125,2,56,4/2/2018,4.21,1,97
1489501,Your Own Beachside Retreat,6778904,Adrienne (And Blaise),,Outer Sunset,37.74913363,-122.5071467,Entire home/apt,135,2,164,3/11/2018,2.9,1,231
10434902,Modern Parkside Retreat (+King Bed),7074942,Cyn,,Outer Sunset,37.76269377,-122.4843715,Entire home/apt,179,1,146,12/18/2017,5.41,1,8
17991554,Master Suite near Golden Gate Park,9671092,Michelle,,Outer Sunset,37.76369278,-122.4785647,Private room,80,1,69,4/4/2018,5.8,2,46
2747383,Beach House 2BD 1 Bath,12449463,Brian,,Outer Sunset,37.75966254,-122.508496,Entire home/apt,196,30,99,1/4/2018,2.05,1,365
3312490,Lovely and Well-Located 1BD Apt.,14950298,Maria,,Outer Sunset,37.76255931,-122.4778399,Entire home/apt,155,3,93,3/2/2018,2.02,2,17
7309852,Lovely and Well-Located 2BD Apt.,14950298,Maria,,Outer Sunset,37.7640359,-122.479416,Entire home/apt,179,3,68,3/26/2018,2.13,2,166
3082327,Inlaw room w private bath - for 1,15089647,Simon,,Outer Sunset,37.75676561,-122.4889142,Private room,85,2,291,4/3/2018,6.17,2,276
3277849,2 bedroom flat with parking,16570156,Andy,,Outer Sunset,37.75429075,-122.4905177,Entire home/apt,200,4,144,3/15/2018,3.17,1,220
18878999,"Beaitfull 2 bedroom 1 bath, charming neighborhood",16877435,Rous,,Outer Sunset,37.75156084,-122.4926854,Entire home/apt,200,1,24,3/23/2018,2.38,3,7
19228248,Sunset Garden Apartment,22616634,Justin,,Outer Sunset,37.75359397,-122.4813743,Entire home/apt,180,3,19,3/22/2018,2.05,1,0
7207426,Beautiful 2br Home,25361970,Alan,,Outer Sunset,37.75993649,-122.4803993,Entire home/apt,300,4,36,3/11/2018,1.18,2,0
6934874,Beautiful SF 2BR w/ Ocean Views,25943995,Dan,,Outer Sunset,37.7573388,-122.5019444,Entire home/apt,157,30,78,3/24/2018,2.34,2,365
6557736,Comfy Suite B/private bath on ground floor+Netflix,33948993,Paul,,Outer Sunset,37.74895975,-122.4924026,Private room,82,1,191,3/31/2018,5.54,3,264
13600947,Cozy room in a quiet area w/ private bathroom,35102608,Rabbi Joel & Johni,,Outer Sunset,37.75370217,-122.4825379,Private room,80,2,54,3/27/2018,2.53,1,196
23700656,Charming 3 Bed Beach Cottage in Outer Sunset,37436040,Denby,,Outer Sunset,37.75509075,-122.5066415,Entire home/apt,325,5,0,,,1,74
7259880,Near the...Sand...     Two Bed Room,37952450,Maite & Roger,,Outer Sunset,37.76202953,-122.5075934,Private room,75,2,61,10/15/2017,1.87,3,89
17408793,2 bedroom apartment near GG  park.,45156079,Chang (Peter),,Outer Sunset,37.75688031,-122.4866512,Entire home/apt,139,1,86,4/5/2018,6.79,1,36
21011508,Spacious Beachside Suite & Private Backyard,45411465,Marina & Michael,,Outer Sunset,37.75814763,-122.5020732,Entire home/apt,195,2,1,3/17/2018,1,1,135
10681956,2 brand new downstairs bedrooms,55065227,Amal,,Outer Sunset,37.76261203,-122.4914555,Entire home/apt,288,2,32,2/19/2018,1.22,1,25
16441272,Outer Sunset Cozy Room!,66107483,Tomo,,Outer Sunset,37.74977069,-122.5002266,Private room,120,1,4,3/26/2018,0.28,2,65
14474493,private room/shared bathroom,89236241,Esther,,Outer Sunset,37.74831585,-122.4990432,Private room,69,1,16,3/26/2018,1.25,1,363
15611358,"Two bedrooms Quiet,cozy suites & private bathroom",100586872,Mary Gaineng,,Outer Sunset,37.7478009,-122.4815158,Private room,129,1,63,4/2/2018,10,3,269
16376205,"Private room, ocean view, cozy.",100586872,Mary Gaineng,,Outer Sunset,37.74974539,-122.4824194,Private room,65,1,153,4/4/2018,10.58,3,293
16855762,Charming Sunset gem with lots of style!,112274768,Michaela,,Outer Sunset,37.75840847,-122.4872516,Entire home/apt,350,3,1,8/14/2017,0.13,1,52
17382326,Beautiful SF Ocean Beach-Front Sunset Flat STR2178,117474501,Jane And Brian,,Outer Sunset,37.75212148,-122.5083968,Entire home/apt,249,2,36,3/28/2018,2.81,1,94
22328636,Luxury Upstairs Level in Single Family House,119618278,Amr,,Outer Sunset,37.75739201,-122.4894812,Entire home/apt,500,4,0,,,1,0
19403989,Ocean View in Central Sunset,135377800,Margaret,,Outer Sunset,37.75660879,-122.4766943,Private room,75,2,56,3/28/2018,5.85,2,96
22229654,"Bright, Lovely Minimalist Home",148590346,Ellen,,Outer Sunset,37.75574817,-122.5014331,Entire home/apt,102,1,13,3/27/2018,5.91,1,63
21231615,Charming room with Private Bath in Sunset!,153157973,Yang,,Outer Sunset,37.75264985,-122.49513,Private room,80,1,47,3/27/2018,8.2,2,64
21594483,Artist's retreat across Golden Gate Park,157059672,Vasily,,Outer Sunset,37.76381891,-122.4942586,Private room,180,3,18,3/30/2018,4.54,1,154
22715454,Stylish Home by the Beach w/ Easy Downtown Access,167574089,Aileen,,Outer Sunset,37.76112763,-122.5024482,Entire home/apt,399,2,10,4/2/2018,3.9,1,134
159273,3Bed view Victorian in Pac Heights,694377,Fay,,Pacific Heights,37.79485584,-122.4304203,Entire home/apt,250,30,114,2/10/2018,2.05,2,223
10592499,Sunny Pacific Heights Apartment,1580198,Cissy,,Pacific Heights,37.79215184,-122.4347558,Entire home/apt,267,2,23,3/19/2018,0.88,1,0
4554977,Large Private Bedroom in Pacific Heights,1748575,Amy,,Pacific Heights,37.79211116,-122.4250269,Private room,110,30,13,5/2/2017,0.69,1,0
2636716,Studio Apt- Close to Everything,4437415,Mario,,Pacific Heights,37.79369581,-122.4249678,Entire home/apt,140,30,21,10/11/2017,0.82,1,0
18981477,Pac Heights: Spacious 3-room suite w/ private bath,6622828,Pam,,Pacific Heights,37.79223563,-122.4422839,Entire home/apt,125,2,0,,,1,13
21619919,Amazing Studio in Pacific Heights,11004676,Todd,,Pacific Heights,37.79287797,-122.4238646,Entire home/apt,320,3,0,,,1,0
15067182,Charming Pacific Heights Bed and Breakfast,11218165,Bryn,,Pacific Heights,37.79355935,-122.4301749,Private room,239,1,24,3/30/2018,1.31,3,170
20155597,Great Neighborhood Close to Everything w Parking,13612996,Matthew,,Pacific Heights,37.79364397,-122.4230975,Entire home/apt,199,1,41,4/1/2018,5.69,1,128
8987674,Peaceful bedroom with private deck and view.,14003785,Pam,,Pacific Heights,37.78917594,-122.4419,Private room,174,3,40,11/14/2017,1.36,3,229
4402199,Chic Pacific Heights Jr. Studio PVT,20169016,Springer,,Pacific Heights,37.78897168,-122.4468468,Entire home/apt,185,3,117,4/4/2018,3.57,3,302
13190103,Hotel Pac Hgts Queen Free Car ParkC,20850212,Young,,Pacific Heights,37.79709581,-122.4242764,Entire home/apt,121,1,9,12/16/2017,0.4,15,0
5013816,Upscale Private Master Bed & Bath,22338989,Jeffrey,,Pacific Heights,37.78910126,-122.4345974,Private room,129,1,362,4/1/2018,9.53,3,155
4387067,Upscale Sunny Private Bed and Bath,22338989,Jeffrey,,Pacific Heights,37.78980689,-122.4341119,Private room,129,1,375,4/2/2018,9.41,3,185
8864274,Classic Elegance Pacific Heights,46398210,Jennifer,,Pacific Heights,37.79048901,-122.4447172,Entire home/apt,1200,4,18,1/21/2018,0.62,1,34
19810694,Cozy apartment in a nice neighborhood,128324241,Romain,,Pacific Heights,37.79004838,-122.4307958,Entire home/apt,150,31,27,1/16/2018,3.15,1,122
20494161,Victorian Private Bedroom in SF Landmark,132710331,Anastasia / Ana,,Pacific Heights,37.7899853,-122.4307383,Private room,95,2,24,3/19/2018,3.27,3,49
19180151,Pacific Heights Private View Home,134145998,Danielle,,Pacific Heights,37.79469549,-122.4368093,Entire home/apt,1000,3,0,,,1,331
22563498,Cozy Private Room/Shared Bath in Pacific Heights,163339428,Jenny,,Pacific Heights,37.79271798,-122.4228929,Private room,99,1,16,4/2/2018,7.06,2,61
22340219,Charming Private Bedroom & Bath in Pacific Heights,163339428,Jenny,,Pacific Heights,37.79085704,-122.4252493,Private room,148,1,26,3/31/2018,7.57,2,48
465723,Charming suite in West Portal area,305557,Sheila,,Parkside,37.73853305,-122.4716588,Entire home/apt,150,2,335,3/31/2018,4.7,1,229
20146269,Mediterranean Charmer With Parking,1911005,Michele,,Parkside,37.73958024,-122.4752074,Entire home/apt,499,3,2,10/9/2017,0.28,1,41
12679234,Welcome to the edge of the Earth!,10226011,Rachel,,Parkside,37.73934548,-122.4968111,Entire home/apt,179,2,70,3/31/2018,3.34,1,159
4121691,Sunny Garden Apartment Near Beach,13672361,Nan,,Parkside,37.73829044,-122.5046144,Entire home/apt,115,2,57,4/2/2018,1.33,1,9
18630810,Bright 3 Bedroom Beachside Home in San Francisco,17570343,Harini,,Parkside,37.74198681,-122.4973092,Entire home/apt,165,3,5,11/29/2017,0.45,1,0
9695480,Spacious 3bd/2bath Home - Near all transportation,21199285,Anthony,,Parkside,37.74762441,-122.4750992,Entire home/apt,499,2,114,4/5/2018,4.33,1,179
12172311,Modern & Very Private room near Beach +Parking,23723104,Arpita,,Parkside,37.7373927,-122.5063549,Private room,100,2,86,4/2/2018,3.53,2,37
6705522,Spacious 4BR Apt. in San Francisco,31224596,Vladimir,,Parkside,37.74198726,-122.4951745,Entire home/apt,270,90,76,3/7/2017,2.45,2,0
6120540,"Large Room by Beach, Lake and Zoo",31755831,Philip,,Parkside,37.73435987,-122.4955799,Private room,49,1,210,3/23/2018,9.55,2,46
20367880,Walkable  Kitchen  Backyard  Fast WiFi,35433848,Je & Derren,,Parkside,37.74506089,-122.4772717,Private room,50,1,59,3/30/2018,7.73,4,343
20167050,"Bed, Bath & Coffee",71567392,Alene,,Parkside,37.7366841,-122.4975033,Private room,59,1,15,3/21/2018,1.83,1,37
19721472,Private home in charming West Portal neighborhood,118373919,Lisa,,Parkside,37.73858868,-122.4722955,Entire home/apt,410,5,0,,,1,14
20286868,Outer Sunset Private Master Suite [J],133894957,Jessica,,Parkside,37.74464565,-122.4894828,Private room,125,1,7,3/21/2018,0.91,4,54
20286716,Outer Sunset Private Bedroom [S],133894957,Jessica,,Parkside,37.74443549,-122.4909845,Private room,99,1,5,3/29/2018,0.74,4,54
19169144,Sunny room in Outer Sunset (舒適私人單間),134055356,Ching,,Parkside,37.74534386,-122.4888988,Private room,80,2,30,3/27/2018,3.54,1,72
42577,Garden View Hideaway - PET FRIENDLY,127367,Annette,,Potrero Hill,37.75447178,-122.3881318,Entire home/apt,150,30,2,8/20/2017,0.04,20,316
918341,Potrero Hill Garden Getaway,145258,Kepa,,Potrero Hill,37.76369941,-122.3973549,Entire home/apt,220,1,369,4/2/2018,5.95,4,314
22268114,Sunlight & Views 3br/3ba Luxury Sky Penthouse,180682,Annie,,Potrero Hill,37.75980122,-122.3952742,Entire home/apt,335,2,2,2/23/2018,0.63,1,0
16383490,Large bedroom at top of Potrero Hill,260426,Joe,,Potrero Hill,37.75804926,-122.4011697,Private room,90,3,17,4/2/2018,1.15,4,0
15176931,Bedroom at the top of Potrero Hill,260426,Joe,,Potrero Hill,37.75952761,-122.4027123,Private room,80,3,24,2/23/2018,1.36,4,0
699723,2BR Penthouse with 4 sunny decks,469757,Reid,,Potrero Hill,37.76643765,-122.3958833,Entire home/apt,395,4,36,10/8/2017,0.61,1,324
150848,SF Urban Haven & Secret Garden,726513,Nancy,,Potrero Hill,37.76199539,-122.3939147,Private room,75,3,182,4/5/2018,2.27,1,123
11421711,Large Room with Bath and Bay View,1031577,Mark,,Potrero Hill,37.75948454,-122.3965462,Private room,125,5,52,3/24/2018,2.04,2,237
392543,Serene 1 Bedroom Garden Unit in Sunny Potrero,1963037,Robert,,Potrero Hill,37.7619571,-122.3941138,Entire home/apt,250,4,86,3/23/2018,1.32,2,319
17300611,Stunning Luxury Home atop Potrero Hill,2013410,Peter,,Potrero Hill,37.75818503,-122.4008166,Entire home/apt,395,2,59,4/1/2018,4.6,1,6
496226,"Large, open flat in sunny Potrero",2451096,Pam & Albie,,Potrero Hill,37.76197006,-122.4036531,Entire home/apt,157,30,126,1/15/2018,1.8,1,336
6749412,"Beautiful Potrero Hill Apt, Parking",4221614,"Cris, Daniela & Olivia",,Potrero Hill,37.76033782,-122.4052499,Entire home/apt,177,1,115,4/1/2018,3.37,3,349
16700935,"Private, quiet, cozy, fully loaded kitchenette",4244521,Jeff,,Potrero Hill,37.76458754,-122.3940645,Private room,149,3,65,3/24/2018,4.42,1,285
8049455,STUDIO POTRERO,4525487,Colleen,,Potrero Hill,37.75908689,-122.4005561,Entire home/apt,200,4,81,3/30/2018,2.59,1,111
23358468,Stunning Sky-high Getaway,5913788,Steve,,Potrero Hill,37.7550838,-122.4017291,Entire home/apt,1400,4,0,,,1,165
3486460,"Be My Guest, Amazing Views Potrero",6884446,Emily,,Potrero Hill,37.75726938,-122.398177,Private room,133,1,211,2/3/2018,4.64,3,136
2770268,Bedroom in quiet Potrero Hill,11797781,Raman,,Potrero Hill,37.75983431,-122.3965963,Private room,100,2,134,4/1/2018,2.77,2,276
3465396,Bright Sunny House Close to UCSF Mission Bay  2N,17459345,Eric,,Potrero Hill,37.7622571,-122.3963785,Private room,120,5,17,3/28/2018,0.55,4,66
19275342,Bright Sunny House next to UCSF Mission Bay  1W,17459345,Eric,,Potrero Hill,37.76276371,-122.3967943,Private room,90,1,27,3/24/2018,3.19,4,75
20234018,Bright Sunny House Next to Restaurants 1E,17459345,Eric,,Potrero Hill,37.76385621,-122.3947622,Private room,0,1,9,3/23/2018,1.11,4,0
4753566,Apt on the Hill,24527225,Shane,,Potrero Hill,37.75651877,-122.3991434,Entire home/apt,240,5,1,12/10/2017,0.25,1,0
7386838,LUXURY HUGE 3BED LOFT HOME W/VIEWS POTRO/DOGPTCH,26325096,Grace,,Potrero Hill,37.75914688,-122.3954857,Entire home/apt,575,2,29,3/31/2018,0.89,1,146
7327920,Contemporary Apartment in Potrero Hill,29638077,Katie,,Potrero Hill,37.75308336,-122.4014873,Entire home/apt,229,2,174,4/4/2018,5.55,1,106
20999237,"A Sunny, Simple, Surprise in San Francisco!",34706516,Raymond,,Potrero Hill,37.75037121,-122.4022801,Private room,90,2,10,2/17/2018,1.65,1,148
7949624,SAN FRANCISCO PARADISE W/EASY  FREE PARKING,41921646,Rania,,Potrero Hill,37.75525646,-122.3982669,Private room,115,1,205,3/20/2018,6.51,2,155
21123509,Sunny two bedroom one bath cottage in Potrero Hill,108758481,Amy,,Potrero Hill,37.75709017,-122.3979285,Entire home/apt,250,1,19,4/1/2018,3.83,1,67
23581750,サンフランシスコ摩天楼やベイブリッジが絶景!安全で閑静な高級住宅街、便利なロケーション!,176266203,ダイ,,Potrero Hill,37.7588307,-122.4024558,Entire home/apt,207,4,0,,,1,237
5919500,Luxurious New Apt Sleeps 4 Presidio Heights,1650933,Cora,,Presidio Heights,37.78920544,-122.4507291,Entire home/apt,325,1,90,4/6/2018,2.52,2,303
945748,Luxury Interior Designer’s in-law Pac Heights,5124146,Toni,,Presidio Heights,37.78358076,-122.4577925,Entire home/apt,200,2,42,4/5/2018,3.54,2,321
23468296,"Private Entrance 1 Bd/1Ba, Parking, Pet Friendly",5628157,Henrik And Alexzandra,,Presidio Heights,37.78252672,-122.4475585,Entire home/apt,175,3,3,4/1/2018,3,1,132
22814663,Cozy 1 bed w/ amazing city views,14565573,Tane,,Presidio Heights,37.78473447,-122.4487954,Entire home/apt,130,2,9,3/25/2018,4.03,1,154
7983070,Spacious & Sunny 4BR/2.5BA Home,16688525,Amy& Michael,,Presidio Heights,37.78267161,-122.4530897,Entire home/apt,700,3,44,2/19/2018,1.51,1,23
6970746,Serene Space by Golden Gate Park,36470371,Rebecca And Laurie,,Presidio Heights,37.78168701,-122.4562758,Private room,138,2,86,1/11/2018,2.59,1,94
11163409,Beautiful home in Presidio Heights!,57898551,Emily,,Presidio Heights,37.78829903,-122.4578837,Entire home/apt,1040,5,2,8/6/2016,0.1,1,0
11326769,Prime Location with Luxury Finishes,59263567,Vivian,,Presidio Heights,37.78727019,-122.4583404,Entire home/apt,365,30,25,12/11/2017,0.98,1,335
15301909,Presidio Heights Garden Apartment,97440774,Janet,,Presidio Heights,37.78632696,-122.4560346,Entire home/apt,285,30,3,1/12/2017,0.17,1,0
10269737,"3 Bedroom 3 Bath, Greenwich Villa",95277,Kenny,,Russian Hill,37.80100729,-122.4143039,Entire home/apt,600,30,3,7/13/2017,0.16,1,0
238190,Contemporary Penthouse with Two Beds,285168,Bill,,Russian Hill,37.80300926,-122.4158089,Private room,99,2,152,4/2/2018,1.93,4,36
221342,View Penthouse Master Suite & Decks,285168,Bill,,Russian Hill,37.802811,-122.4153959,Private room,139,2,136,3/30/2018,1.7,4,32
1076743,2BD Russian Hill Hideaway,887032,Jarret,,Russian Hill,37.79950517,-122.4171353,Entire home/apt,575,2,98,3/30/2018,1.63,1,75
884770,"Spare room in my colorful, cozy and zen apartment.",4687340,Sandra,,Russian Hill,37.80316659,-122.4184068,Private room,92,1,139,3/24/2018,2.44,1,109
16962800,Remodeled Edwardian Top flr Flat in Russian Hill,7186464,Danny,,Russian Hill,37.80221397,-122.4155816,Entire home/apt,108,2,6,12/10/2017,0.57,1,0
3939813,Amazing View from Russian Hill 1BD,8567391,Christopher,,Russian Hill,37.80493744,-122.423313,Entire home/apt,225,2,39,3/22/2018,0.91,1,178
2723005,"Awesome Location, Great for Business Travelers",9878850,Peggy,,Russian Hill,37.79863067,-122.4205482,Entire home/apt,585,3,30,1/26/2018,0.68,1,22
6852800,Charming Russian Hill Studio// Corporate Housing,11164643,Megan,,Russian Hill,37.80029461,-122.4224561,Entire home/apt,196,30,78,12/20/2017,2.31,1,211
23191170,2RMs in Large House w/ Balconies & Stunning Views,14040690,Diego,,Russian Hill,37.80031121,-122.4111164,Private room,480,1,1,3/22/2018,1,4,109
18722998,"Bright apartment, amazing location",22595608,Cameron,,Russian Hill,37.79612605,-122.4213517,Entire home/apt,375,2,47,4/6/2018,4.53,1,57
10992778,Russian Hill Modern Luxury with Golden Gate Views,22649166,La Familia,,Russian Hill,37.79994973,-122.4227052,Entire home/apt,399,3,23,3/29/2018,1.25,1,223
8673754,Amazing Golden Gate Views w/Parking,26914130,Carl,,Russian Hill,37.80304914,-122.4215454,Entire home/apt,450,5,18,3/17/2018,0.59,2,0
18708463,Quiet Private Room in classic Spanish Colonial,34110587,Christina,,Russian Hill,37.80369086,-122.4172149,Private room,160,2,58,3/31/2018,5.54,2,37
8352853,Spacious Top Floor Russian Hill Apt,44025170,Courtney,,Russian Hill,37.79800981,-122.4217711,Entire home/apt,299,3,22,3/23/2018,0.75,1,47
10684058,Tourists' delight -- business travelers' retreat!,55193130,Ted,,Russian Hill,37.79926153,-122.4205356,Entire home/apt,587,3,20,3/11/2018,1.3,1,43
13224465,Modern Fisherman's Wharf Condo W/ Amazing Views,55198843,Tienlyn And Nikko,,Russian Hill,37.80602016,-122.4208402,Entire home/apt,265,6,3,1/22/2017,0.14,1,0
10823468,"2-Bd, 2-Ba Upscale @ Heritage Place Ghirardelli Sq",56042290,Steve,,Russian Hill,37.8046473,-122.4226173,Entire home/apt,1099,1,5,1/12/2018,0.23,1,354
13582817,Luxurious Ghirardelli Square Apartment,76778950,Team Ghirardelli,,Russian Hill,37.80617555,-122.4237907,Entire home/apt,925,4,4,3/31/2018,0.22,1,68
17188981,MILLION DOLLAR VIEWS SF | BIG 2bed/1bath,115696111,Sydney & Christian,,Russian Hill,37.80362829,-122.4164981,Entire home/apt,275,3,20,1/24/2018,1.45,1,0
22378695,Russian Hill gem,163643989,Vivien,,Russian Hill,37.80049894,-122.4232151,Entire home/apt,295,30,20,3/16/2018,6.9,1,211
1427660,Perfect Ocean Beach Getaway!,2275604,Laurie & Steve,,Seacliff,37.77523613,-122.5091375,Entire home/apt,135,2,356,2/4/2018,6.34,1,0
1931937,Blocks from GG Park & Ocean Beach,7932270,Noam,,Seacliff,37.78156409,-122.4944245,Private room,93,3,63,3/23/2018,1.24,2,35
21581753,Modern 1BR with A/C in Brand New Building,89400,Alex,,South of Market,37.77152694,-122.4047578,Entire home/apt,175,2,5,3/10/2018,1.26,1,1
3219171,Modern Master - Brand New High Rise,121959,Carlee,,South of Market,37.77761961,-122.41397,Private room,160,2,111,3/16/2018,2.49,2,64
877124,Amazing SoMa Victorian! Blue Room,238982,Maria,,South of Market,37.77554633,-122.4094799,Private room,95,1,245,7/31/2017,3.87,4,318
882424,Amazing SoMa Victorian! Red Room,238982,Maria,,South of Market,37.77788889,-122.4106716,Private room,90,1,235,6/25/2017,3.71,4,305
7309811,Loft tucked away in the heart of sf,601627,Erik,,South of Market,37.77289886,-122.4214412,Entire home/apt,280,2,5,8/20/2017,0.15,1,1
1807493,"Flat in SoMa - Top Floor, comfy queen bed, 1bd/1ba",1359769,Tom,,South of Market,37.779132,-122.4046368,Entire home/apt,170,30,102,2/28/2018,1.89,1,331
11437331,"Beautiful Victorian room in SoMa, near BART!",1362550,Maria Jose,,South of Market,37.77621832,-122.4111276,Private room,95,1,57,3/17/2018,4.82,4,316
20149972,Well-appointed SOMA penthouse loft in heart of SF,1364450,Katherine,,South of Market,37.78230347,-122.3948331,Entire home/apt,275,2,14,12/14/2017,1.79,1,6
271602,Luxury Condo Downtown / Moscone!,1421296,Richard,,South of Market,37.7764143,-122.4045364,Entire home/apt,169,30,97,1/12/2018,1.27,1,223
1378285,Master Bedroom,1756593,Rio,,South of Market,37.77941352,-122.4050827,Private room,67,30,43,2/2/2018,0.77,3,247
6754197,Soma Bedroom Suite,1756593,Rio,,South of Market,37.77642537,-122.4165539,Private room,65,30,16,3/1/2018,0.51,3,365
472901,Excellent Peaceful Studio Condo,1793063,Jin,,South of Market,37.77296524,-122.4030146,Entire home/apt,175,31,214,1/12/2018,2.99,1,364
404102,"Badass apartment, centrally located",2015267,Alexi,,South of Market,37.78049712,-122.4093365,Entire home/apt,150,18,22,3/18/2018,0.3,1,135
14225205,Hidden Gem in West Soma,2517689,Michelle,,South of Market,37.77397078,-122.414815,Entire home/apt,185,30,82,3/18/2018,4.17,1,187
626349,Sunny Modern Luxury Condo!,2528117,Sean,,South of Market,37.78110812,-122.4059736,Entire home/apt,123,30,36,1/29/2018,0.52,1,187
23538076,New Modern Apartment w/private bathroom,3335446,Wes,,South of Market,37.77098622,-122.4044344,Private room,229,2,4,4/2/2018,4,1,60
728486,Spacious 1 Bedroom Loft/Condo in SF,3404761,Peter And John,,South of Market,37.78220136,-122.4039995,Entire home/apt,183,30,48,3/25/2018,0.74,1,306
1598489,Spacious Live-Work Studio with Private Patio,3889432,Tara,,South of Market,37.77330573,-122.412615,Entire home/apt,225,2,41,3/28/2018,14.64,1,38
7663003,"Separate entrance, private room and bath",3949876,Kerry,,South of Market,37.77805975,-122.3991435,Private room,140,1,94,3/10/2018,2.9,1,121
21413151,Best View in SOMA-Luxury Apartment-Civic Center SF,3998367,Melissa,,South of Market,37.77684144,-122.4158065,Entire home/apt,150,2,15,3/17/2018,3,1,9
14762607,Secluded 1BR Condo in Central SoMA,4071641,Ryan,,South of Market,37.77474871,-122.4082868,Entire home/apt,190,4,3,8/12/2017,0.16,1,0
851889,Luxurious Smart-Tech Loft near Moscone Center,4447593,Wren,,South of Market,37.77576074,-122.4107342,Entire home/apt,300,1,40,3/2/2018,1.29,1,17
22516793,Luxury Studio at the Heart of San Francisco,5186786,Aaron,,South of Market,37.7775747,-122.4161668,Shared room,69,1,5,4/2/2018,5,1,47
10686929,Welcoming flat in the heart of SOMA,5520998,Michele,,South of Market,37.77415126,-122.4086088,Entire home/apt,120,3,13,10/20/2017,0.62,1,0
1237000,Penthouse MasterBedRoom+BathMonthly,6744265,Todd,,South of Market,37.78654519,-122.3902817,Private room,119,30,6,12/2/2015,0.1,3,1
23330155,DownTown Hub Heaven,6827998,Louis,,South of Market,37.77617978,-122.3953158,Shared room,80,1,2,3/31/2018,1.28,2,66
14339856,Luxury Condo - 1 Bed 1 Bath - Private Condo,7088871,Shadi,,South of Market,37.78658506,-122.3897617,Entire home/apt,250,2,11,3/24/2018,0.57,1,347
15181903,Looky LUXE 1BR Mission Bay,7206100,Gatz,,South of Market,37.77206805,-122.3929169,Entire home/apt,150,30,38,10/26/2017,2.08,1,33
15258331,2 BR Beautiful Loft in ❤ of SOMA | ✔Washer/Dryer,7884811,Jessy,,South of Market,37.77787504,-122.4036294,Entire home/apt,549,1,16,2/21/2018,0.88,2,8
16180470,Private Bedroom in 2bd/2ba Very Spacious Loft,8182553,Nicolai,,South of Market,37.77266354,-122.4026481,Private room,150,1,3,1/10/2018,0.4,1,0
21620847,Luxury Designer SoMa 2BR1BA!,10622144,Jefferson,,South of Market,37.77572881,-122.4082569,Private room,220,3,2,1/1/2018,0.58,3,183
21010862,Gorgeous Designer Private Room and Bath,10622144,Jefferson,,South of Market,37.77581937,-122.4077064,Private room,135,2,21,4/4/2018,3.64,3,180
21966135,Modern room + private bath in SOMA,10624702,Karim & Pooja,,South of Market,37.77767994,-122.4039444,Private room,175,1,11,3/31/2018,2.66,1,269
2488520,Downtown Loft in the heart of SOMA,12736013,Gabe,,South of Market,37.77840248,-122.4087132,Shared room,200,30,92,3/1/2018,2.02,1,353
18127110,Cute condo near SF waterfront,14415460,Alia,,South of Market,37.79030743,-122.3899578,Entire home/apt,135,7,9,3/1/2018,0.79,1,13
11365069,Harry Potter themed Private Bunk Beds in SOMA,23626101,Collin,,South of Market,37.77912154,-122.4044758,Private room,101,30,251,1/30/2018,9.91,1,0
10858096,Superb Space,24169082,Ray,,South of Market,37.77650011,-122.4039755,Entire home/apt,250,30,39,1/1/2018,1.49,1,180
18562272,Spacious loft for Conferences/Business trips!,25415187,Priyen,,South of Market,37.77775457,-122.4076184,Private room,180,2,7,12/9/2017,1.19,1,0
7903768,May-July 1BD in Dwntown nr shuttle,26044858,Rohit,,South of Market,37.77697955,-122.4138419,Private room,100,60,2,1/5/2016,0.07,1,0
20567099,Private Suite with Private Bathroom (New Listing),26899691,Bryce,,South of Market,37.77851931,-122.4075843,Private room,200,2,24,3/29/2018,3.43,1,36
20904804,Dreamy SoMa Getaway,31106824,Kaylah,,South of Market,37.7726967,-122.4037042,Private room,145,1,34,4/3/2018,4.93,3,26
11947710,Modern 1 BD in Central Location,31557639,Barrett,,South of Market,37.7772664,-122.4111274,Entire home/apt,195,5,12,3/29/2018,0.5,1,0
21150844,Master Bedroom in Luxury Modern Highrise (SOMA)!,53431062,Maryann,,South of Market,37.77822402,-122.4143805,Private room,225,1,3,3/24/2018,0.53,1,176
10414061,"Fully-Stocked, Modern-Apartment w/ Home Office",53630721,Gloria,,South of Market,37.77829286,-122.3941479,Entire home/apt,275,30,43,8/14/2017,1.63,1,0
10594703,Art filled nook in SOMA,54663304,Mari,,South of Market,37.7775639,-122.4116471,Private room,100,2,79,3/29/2018,3.03,1,68
15069107,"South Beach/SOMA Loft, (Private bedroom and bath)",62907992,Robert,,South of Market,37.77944223,-122.3926463,Private room,119,1,105,3/30/2018,5.79,1,137
12811308,*Spring Discount! Modern SOMA 2 BR Condo W/Parking,69850419,Lou,,South of Market,37.77892595,-122.4039089,Entire home/apt,239,30,47,6/9/2017,2.03,1,319
20857978,Modern 1-Bed Apartment in SF's Newest Building,125377170,Adam,,South of Market,37.7710865,-122.4047484,Entire home/apt,300,2,4,3/18/2018,1.24,1,7
22003066,COMPLETELY RENOVATED SUNNY HIGHER END SOMA DUPLEX,127422643,Bill,,South of Market,37.7760267,-122.4064187,Entire home/apt,500,2,7,4/1/2018,4.04,2,113
19413809,Conveniently located! Victorian House in SOMA.,136103114,Jade,,South of Market,37.77172223,-122.4109996,Private room,400,2,39,3/10/2018,4.08,1,15
5325355,The Speakeasy on Market Street,2370969,Len & Irina,,Twin Peaks,37.75466836,-122.4426601,Entire home/apt,200,2,73,10/22/2017,1.92,1,0
658588,Spectacular TwinPeaks View Home ,3320853,Bob & Kyle,,Twin Peaks,37.75603206,-122.4464346,Entire home/apt,235,3,191,1/12/2018,3.08,1,234
16055131,"Separate entrance, private 2 bedroom unit",10784845,Amy,,Twin Peaks,37.74854959,-122.4537668,Private room,159,3,34,3/24/2018,2.48,2,27
11459095,"Clean, cozy, & bright modern room queen bed, VIEWS",18474672,Farzad,,Twin Peaks,37.74826913,-122.444925,Private room,74,4,75,3/25/2018,3.03,2,120
7884875,"2BD/2BA Market St Retreat, Castro-TwinPks w/ Views",23071835,Jason,,Twin Peaks,37.75776913,-122.4434562,Entire home/apt,325,2,17,4/1/2018,0.62,3,206
13914298,Private bedroom/bathroom in Twin Peaks with views!,29695629,Jamie,,Twin Peaks,37.75712777,-122.4529854,Private room,158,3,92,4/5/2018,4.44,1,101
8195144,Private studio with bath + free street parking,41782662,Elena,,Twin Peaks,37.75134554,-122.4538286,Entire home/apt,98,3,131,3/26/2018,4.19,1,314
10925833,Home at the top of The City --2bd/1bth,56637099,Eric,,Twin Peaks,37.75196237,-122.4485077,Entire home/apt,325,3,5,11/10/2017,0.25,1,0
22638675,"Private floor - 2 Bd, 2 Ba, Roof-deck w/ Bay View",617114,Vikram,,Visitacion Valley,37.71854167,-122.4029681,Private room,173,2,2,3/31/2018,2,3,20
4855686,"Spacious 2-Bedroom w/Parking! Sunny, Views, Safe!",1196837,Heather,,Visitacion Valley,37.71338588,-122.3983334,Entire home/apt,250,3,26,3/25/2018,0.74,2,17
21507481,entire in-law with private bath and kitchen,7002631,Kiarash,,Visitacion Valley,37.71881806,-122.4026814,Entire home/apt,90,2,16,3/11/2018,3.04,1,1
15939264,[E] Private Little Studio in SF,22267913,Henry,,Visitacion Valley,37.71854873,-122.4004218,Entire home/apt,85,1,6,3/19/2018,0.39,12,315
19722011,New 2BR/2BA with Panoramic City and Bay View,30319894,Xu,,Visitacion Valley,37.72229149,-122.404131,Entire home/apt,75,1,10,2/15/2018,3.09,2,0
21486593,San Francisco Studio on the South Side of The City,32459054,Cassy,,Visitacion Valley,37.71328542,-122.4139936,Entire home/apt,90,2,16,3/31/2018,4.49,1,26
21999656,Amazing City View House (Full House),39041682,Kevin (Or Jose),,Visitacion Valley,37.7218297,-122.4080492,Entire home/apt,400,4,1,3/13/2018,1,2,27
15343159,Artsy Cozy Home: Near Great Hikes,40966464,Michelle,,Visitacion Valley,37.72147358,-122.4086808,Private room,69,1,184,3/23/2018,10.07,1,67
19491887,Cozy private studio,77189868,Erica,,Visitacion Valley,37.72071322,-122.4090294,Entire home/apt,65,1,30,4/1/2018,8.33,1,19
20074214,Cheap hosting services,142694512,Mayra,,Visitacion Valley,37.70489808,-122.4169819,Shared room,50,1,13,11/11/2017,1.56,1,0
22586319,Cozy Guest Suite 1BA/1BR (B),149498560,Jean,,Visitacion Valley,37.71397309,-122.4082638,Entire home/apt,67,1,26,4/5/2018,9.07,4,27
20837529,New Spacious Guest Suite 2BR/1BA (D),149498560,Jean,,Visitacion Valley,37.71389119,-122.4081304,Entire home/apt,125,1,62,4/2/2018,9.12,4,52
21632344,Homey Private Room 1BA/1BR (A),149498560,Jean,,Visitacion Valley,37.71411074,-122.4072829,Private room,60,1,29,3/31/2018,5.76,4,57
21068061,Bright Spacious Suite 2BR/1BA with Parking!,151817615,Zhi,,Visitacion Valley,37.71988302,-122.3998527,Entire home/apt,130,1,55,4/3/2018,10.71,1,43
958,"Bright, Modern Garden Unit - 1BR/1B",1169,Holly,,Western Addition,37.76931038,-122.4338563,Entire home/apt,170,1,131,3/16/2018,1.24,1,118
25463,Modern Zen in the Lower Haight,72464,Patrick,,Western Addition,37.77728949,-122.4342115,Private room,110,2,345,3/23/2018,5.24,2,45
18904,Tranquil Lower Haight w/pvt bath,72464,Patrick,,Western Addition,37.77252152,-122.4321565,Private room,110,2,301,4/2/2018,3.9,2,47
10058134,Huge Sunny 2BR Close to Everything!,81879,Gloria,,Western Addition,37.78508551,-122.442975,Entire home/apt,350,3,49,3/27/2018,1.83,1,21
24723,Apartment-like rooms in PacHeights,100800,Cynthia,,Western Addition,37.78716465,-122.4338611,Entire home/apt,195,2,232,4/4/2018,2.38,2,78
25927,"CALEF HOUSE Rm 2, Priv Rm in Beaut SF Victorian",109045,Ronda,,Western Addition,37.78894736,-122.4303064,Private room,110,2,54,3/24/2018,0.75,3,358
22433330,Chic Alamo Square Victorian Near Painted Ladies,151669,Connie,,Western Addition,37.77779335,-122.4375793,Entire home/apt,450,3,11,3/27/2018,5.24,1,124
1618782,Luxe Lower Pac Heights Victorian,172177,Tim,,Western Addition,37.78762883,-122.4394609,Private room,195,2,43,7/17/2017,0.78,2,325
4720512,The Bronze -- Upscale Private Room in Hayes Valley,202591,Jose,,Western Addition,37.7737717,-122.4291925,Private room,99,3,101,4/1/2018,2.54,3,67
21079302,Family Friendly in the Lower Haight,245637,Rachel,,Western Addition,37.77144505,-122.4323932,Entire home/apt,350,3,1,12/29/2017,0.3,1,0
537602,The Webster Mini Deluxe Guest Room,248132,Joseph,,Western Addition,37.77178866,-122.4286065,Private room,125,1,236,3/23/2018,3.48,1,67
14484206,"Quiet, sunny garden studio with Sutro Tower views",267697,Pete,,Western Addition,37.77759844,-122.44214,Entire home/apt,150,2,40,3/12/2018,2.01,1,0
21799941,"Sunny, private apartment near Hayes Valley",649296,Julia,,Western Addition,37.7751738,-122.4306228,Entire home/apt,200,1,4,3/7/2018,1.74,1,13
1276953,"Central, Sunny, Top Floor Flat on Quiet Street",799436,David,,Western Addition,37.769738,-122.4323269,Entire home/apt,295,5,27,3/29/2018,0.49,1,340
13939822,"One bedroom, two bth Lower Haight Vict. flat.",880855,Tony,,Western Addition,37.77107071,-122.4311449,Entire home/apt,130,30,0,,,2,339
491874,Central San Francisco Dream,969518,Sona,,Western Addition,37.77143689,-122.4346951,Private room,115,4,87,3/9/2018,1.23,2,160
1886260,Huge Top Floor Loft In Alamo Square,1126796,Giancarlo,,Western Addition,37.77646509,-122.4309604,Entire home/apt,300,30,45,3/31/2018,0.89,2,326
1936003,Modern Victorian flat in Nopa,1522504,Nancy,,Western Addition,37.77780469,-122.4383981,Entire home/apt,750,3,13,3/25/2018,0.26,1,64
2374370,"Queen bed, en suite bath, close to shops & cafes!",1924599,Jay,,Western Addition,37.78784144,-122.4308222,Private room,99,1,299,3/23/2018,6.17,2,165
9888667,The Quintessential Victorian Flat,2178251,Daniel,,Western Addition,37.76952731,-122.4301087,Entire home/apt,275,3,2,8/13/2016,0.07,3,0
442349,Right in the middle living,2198022,Judith,,Western Addition,37.77479775,-122.427114,Entire home/apt,200,3,13,3/26/2018,0.2,1,1
457862,Comfy home in central location!,2276059,Holly & Kris,,Western Addition,37.78100842,-122.4408308,Entire home/apt,425,3,35,8/9/2017,0.51,1,25
2371394,"1886 VICTORIAN, QUIET & PRIVATE, BEST AREA in SF!",2440054,Pamela,,Western Addition,37.76938789,-122.4332405,Entire home/apt,195,7,29,3/10/2018,0.68,1,91
14375372,Golden Gate Chamber,2863340,Max,,Western Addition,37.77813817,-122.4407941,Private room,100,2,5,7/28/2017,0.25,1,0
2169208,Cozy San Francisco Garden Apartment,3339995,Pierre,,Western Addition,37.78353039,-122.4451937,Entire home/apt,98,30,52,10/27/2017,1.12,1,250
10526342,Huge Penthouse Suite in Historic Victorian,3442905,Simone,,Western Addition,37.78654196,-122.4427052,Private room,275,1,12,9/24/2017,0.55,4,0
22377109,Heart of Hayes Victorian Apartment,3553180,Krista And Robyn,,Western Addition,37.77417899,-122.425074,Entire home/apt,175,2,9,3/16/2018,2.97,1,11
6922612,Big VIEWS!  1-BR Central SAN FRANCISCO location,3570102,Georgie,,Western Addition,37.78526538,-122.4232064,Entire home/apt,128,2,15,2/25/2018,0.44,1,0
1101034,Modern townhouse in vibrant Pacific Heights,3916367,Addy,,Western Addition,37.78672245,-122.4422853,Entire home/apt,495,4,57,3/31/2018,0.98,2,233
795254,Attic Master Suite with Kitchenette,4189517,Jane,,Western Addition,37.77031073,-122.4324207,Private room,150,3,148,4/2/2018,2.34,1,93
1769688,Large Comfy BR + Private Bath in Sunny Flat,4297383,Rob,,Western Addition,37.77960125,-122.4419933,Private room,109,5,167,3/24/2018,3.08,1,74
12089415,Luxurious One Bedroom in Hip Neighborhood 30+,4383422,Ericka,,Western Addition,37.7766529,-122.4412667,Entire home/apt,130,30,26,1/15/2018,1.1,1,56
21077407,"Sun-filled flat in the Haight, too!",4389720,Elliot,,Western Addition,37.77231549,-122.4361204,Private room,80,3,10,2/24/2018,1.6,3,0
9650878,Lower Haight/NOPA Wanderlust Fr Parking + Hot Tub,4435448,Carl,,Western Addition,37.7729664,-122.4368993,Private room,125,1,110,3/27/2018,4.18,5,322
9063798,Lower Haight Condo Parking+HotTub-nr NOPA Castro,4435448,Carl,,Western Addition,37.77290988,-122.4364145,Private room,650,1,7,3/17/2018,0.25,5,262
1190125,Lower Haight Queen-Anne Victorian,5160351,Cai,,Western Addition,37.77080841,-122.4341641,Entire home/apt,290,1,34,4/3/2018,0.6,2,332
1029621,Beautiful 2 Bedroom Edwardian Homec,5161705,Jason And Jerrett,,Western Addition,37.76943192,-122.4337738,Entire home/apt,310,2,33,1/15/2018,0.56,2,37
971116,"modern, friendly, spacious, sunny",5269779,Michael,,Western Addition,37.77713059,-122.4415839,Private room,115,2,153,3/27/2018,2.61,1,293
11868448,Luxury spacious 2 bedroom Edwardian Condo in NoPa,5335319,David,,Western Addition,37.78229996,-122.4404586,Entire home/apt,239,5,9,3/11/2017,0.37,1,12
1039096,2bd/2.5bath Modern Condo +Roof Deck,5720770,Tori,,Western Addition,37.78663613,-122.4366764,Entire home/apt,395,5,25,7/29/2017,0.44,1,135
1098003,"Lovely, Unique Home Near Everything",6034365,Nico,,Western Addition,37.77093364,-122.4300823,Entire home/apt,500,3,22,3/18/2018,0.38,1,103
1180103,Hayes Valley Classic Victorian Flat,6456352,Heidi,,Western Addition,37.77537203,-122.43139,Entire home/apt,275,3,7,11/26/2017,0.12,1,215
1336998,Beautiful room in San Francisco,7250508,Doug,,Western Addition,37.7777868,-122.4377545,Private room,90,2,279,3/24/2018,4.84,1,252
1355744,Period Carriage House with San Francisco Charm,7354696,William-Allen,,Western Addition,37.77146487,-122.4364827,Entire home/apt,152,30,10,11/29/2017,0.22,1,278
4175303,Central & lovely full apartment,7434440,Stuart,,Western Addition,37.77290378,-122.4245332,Entire home/apt,80,4,68,4/2/2018,1.58,1,0
10592126,Beautiful Apt Centrally Located in Lower Nob Hill,7685477,Jenna,,Western Addition,37.78828617,-122.4219388,Private room,159,30,38,1/11/2018,1.87,1,152
7972067,Parking  HBO  Backyard  BBQ  Wash/Dry,8290313,Kim + Rob,,Western Addition,37.78055559,-122.4474427,Entire home/apt,155,2,99,12/9/2017,3.15,1,324
23546221,Great 1BR Apartment in Central SF Location,8524634,Ryan,,Western Addition,37.77878245,-122.4341419,Entire home/apt,149,1,4,3/29/2018,4,1,14
1767569,Hayes Valley Victorian Flat,9286574,Lydia,,Western Addition,37.77831882,-122.4307888,Entire home/apt,175,2,62,2/12/2018,2.06,1,0
2305039,3 Bedroom Super Victorian flat.,9932058,John,,Western Addition,37.77931133,-122.4359459,Entire home/apt,350,3,59,3/16/2018,1.51,2,98
8309401,Large Suite in Victorian,10501924,Karen,,Western Addition,37.77804539,-122.4381948,Private room,100,3,45,3/18/2018,1.45,5,310
20267540,Home in the vibrant NOPA neighborhood w/Parking!,11739845,Gabriela,,Western Addition,37.77687365,-122.4409519,Private room,100,1,18,3/28/2018,2.25,1,36
12212013,"Perfectly Located, Updated In-Law",12715408,Jason,,Western Addition,37.77617516,-122.4321708,Entire home/apt,150,1,109,3/31/2018,4.57,1,282
4269254,Perfect getaway near Japantown,12798531,Marjorie,,Western Addition,37.78297166,-122.4315598,Entire home/apt,150,2,210,3/21/2018,4.98,1,254
14486844,Quiet Room and Queen Bed in Hayes Valley,13009985,Mike,,Western Addition,37.77305977,-122.4267845,Private room,130,1,47,3/23/2018,2.34,1,132
6329340,Beloved San Francisco,15357373,Ding,,Western Addition,37.77831893,-122.4456101,Entire home/apt,350,3,10,2/25/2018,0.31,4,209
6329731,Love San Francisco,15357373,Ding,,Western Addition,37.77692353,-122.4461256,Private room,120,3,22,3/31/2018,0.65,4,337
3291691,Victorian Condo in Central Location,16630135,Robert,,Western Addition,37.77016331,-122.4355324,Entire home/apt,275,4,4,6/10/2017,0.09,1,0
18669935,Eclectic & Artsy Light Filled 1 Bedroom Apt,17136474,Sarah & Mischelle,,Western Addition,37.78342273,-122.4445661,Entire home/apt,195,3,32,3/27/2018,3.13,1,18
13479950,Comfy Room in Sunny Apartment - Great Location!,17531615,David,,Western Addition,37.76994544,-122.4322637,Private room,80,1,9,5/21/2017,0.42,2,0
23906537,Airy & comfortable | 1-bd 1-ba | Alamo Square,21692555,Tiffany,,Western Addition,37.77459326,-122.4349945,Entire home/apt,159,2,0,,,1,10
4470873,NOPA Modern Flat,23195770,Celia,,Western Addition,37.77914286,-122.4441308,Entire home/apt,225,2,28,3/9/2018,0.67,2,210
17499137,Garden suite with Private Entrance Business ready,24641943,Johanna,,Western Addition,37.77490144,-122.4256282,Entire home/apt,120,1,76,3/23/2018,5.77,2,24
12346372,Featured in Dwell & Architectural Digest Magazine,25011572,Megan,,Western Addition,37.77588974,-122.4327449,Entire home/apt,179,30,4,12/22/2017,0.17,1,365
5967901,Charming 2BR/1BA Victorian,30979016,Mary,,Western Addition,37.77465863,-122.4270457,Entire home/apt,199,3,120,12/27/2017,3.41,1,7
14401326,CHARMING VINTAGE PAC HEIGHTS HOME-HEART OF SF,35081565,Kay,,Western Addition,37.78526169,-122.442565,Entire home/apt,180,3,39,4/2/2018,2.04,1,192
7329782,Cozy Queen - Private Room,37842000,Sophia,,Western Addition,37.78593411,-122.4388458,Private room,105,1,118,4/2/2018,3.68,6,240
7329639,Old Charm Big House,37842000,Sophia,,Western Addition,37.78603751,-122.4388655,Private room,105,1,120,10/16/2017,3.73,6,236
14507492,SF Sunrise Room Near Fillmore District,41512875,Kim,,Western Addition,37.78158432,-122.4403316,Private room,140,3,33,2/19/2018,1.67,3,68
12919971,Flash Deal: Quiet residental home near the fun,41512875,Kim,,Western Addition,37.78057089,-122.4415372,Private room,160,1,26,12/20/2017,1.13,3,1
12025202,Sunny 2 BR/1 Bath Lower Pac Heights,43787239,Tina,,Western Addition,37.78539189,-122.4357659,Private room,350,3,2,9/30/2017,0.09,2,119
14869150,Sunny + Large 1 Bedroom near Fillmore/Divisadero,47112373,Fiona,,Western Addition,37.78517171,-122.4443816,Entire home/apt,210,3,14,2/23/2018,0.75,1,19
9051149,Great Castro location,47224934,Elmer,,Western Addition,37.76919932,-122.4353061,Private room,99,1,322,4/3/2018,10.85,1,200
16867947,"SHARE, Beautiful/airy Artists'  loft",47733748,Cathleen,,Western Addition,37.78473599,-122.445299,Private room,205,7,3,3/20/2018,0.45,2,181
11998353,Private Room in an Alamo Square Victorian,48763599,Jimmy And Maury,,Western Addition,37.77778546,-122.4320684,Private room,100,1,7,7/29/2017,0.34,2,0
22852845,Newly Remodeled 3 Bed 2 Bath Victorian,55307132,Jacqueline,,Western Addition,37.77184427,-122.4348494,Entire home/apt,300,2,0,,,1,31
10808224,"Spacious, tasteful Nopa Condo",55952440,Ken,,Western Addition,37.77751113,-122.4378645,Entire home/apt,225,3,12,10/3/2017,0.5,1,8
14323059,Garden Studio Oasis in NOPA,69455081,Jp,,Western Addition,37.77808156,-122.4404009,Entire home/apt,199,2,80,4/6/2018,3.97,1,52
14802586,Garden Studio in the Lower Haight,78451071,Michael,,Western Addition,37.7736359,-122.4326299,Private room,159,3,55,3/22/2018,2.92,1,102
16986927,Warm Victorian Room in Hayes Valley,83311656,Edward,,Western Addition,37.77589581,-122.4284061,Private room,100,3,22,1/28/2018,1.57,2,0
13988824,Warm Victorian Rooms in Hayes Valley,83311656,Edward,,Western Addition,37.77531389,-122.4289956,Private room,100,3,34,1/28/2018,2.42,2,0
16671511,"2 Bed + 2 Bath - centrally located, happy home!",110290195,Zia,,Western Addition,37.77988631,-122.4345243,Entire home/apt,75,30,59,3/1/2018,4.12,1,40
22814090,large private room city views near ggpark bridge,117841976,Paul,,Western Addition,37.77899667,-122.4400242,Private room,75,1,2,2/17/2018,0.91,6,23
23463633,private room 5 min to center gg bridge gg park,117841976,Paul,,Western Addition,37.78037187,-122.4396033,Private room,95,1,1,3/16/2018,1,6,21
18705200,Beautiful bedroom near Alamo Square,130021995,Barbara,,Western Addition,37.77740135,-122.4314407,Private room,125,3,31,10/25/2017,2.87,3,176
19721174,Private Luxury Guest Floor @ Heart of Hayes Valley,139005195,Virginia,,Western Addition,37.77692917,-122.4245138,Entire home/apt,348,1,12,3/31/2018,2.38,1,126
20093004,Castro/Noe Valley 4 bedroom flat-- Old Listing,142883556,Aaron,,Western Addition,37.77790391,-122.4364325,Entire home/apt,485,3,23,3/25/2018,2.92,1,0
21527554,Luxurious Victorian Flat On Alamo Square Park,155412195,Kate,,Western Addition,37.77768897,-122.4365396,Entire home/apt,350,2,1,11/26/2017,0.23,1,25
109883,San Francisco Serenity/ lovely home,566147,Adam,,West of Twin Peaks,37.73327365,-122.4643456,Private room,125,2,280,3/10/2018,3.37,1,329
164207,"Quiet area by subway, private bath",783438,Phil,,West of Twin Peaks,37.74159258,-122.465782,Private room,69,3,292,3/15/2018,3.56,3,75
19570849,Modern One Bedroom Suite - convenient location,1469393,Ruksakul,,West of Twin Peaks,37.74313471,-122.4521079,Entire home/apt,139,2,30,4/1/2018,6,1,65
676228,Separate unit w/ private entry&bath!,2645901,Jeremy & Laura,,West of Twin Peaks,37.72858746,-122.4545182,Entire home/apt,110,2,326,4/4/2018,4.82,2,301
767506,Spacious Gem to Entertain or Relax,3807182,Jennifer,,West of Twin Peaks,37.74386693,-122.4537465,Entire home/apt,300,2,68,9/25/2017,1.06,1,234
5037937,"Large, 3 level, 4 bedroom HOME",4884811,Janet,,West of Twin Peaks,37.73723004,-122.4508907,Entire home/apt,320,3,25,4/1/2018,0.68,1,93
3992022,Hand-PaintedMural:ParkView+Breakfast+Parking+3bath,5565510,Lulu,,West of Twin Peaks,37.7353193,-122.4642946,Private room,49,2,78,3/30/2018,1.8,5,336
1421937,MAJESTIC Ocean Views HISTORIC HOME Pvt Bdrm & Bath,7526456,Dee,,West of Twin Peaks,37.73310153,-122.4606363,Private room,129,2,139,3/28/2018,2.46,2,359
4429527,Cozy & quiet 1BR in West Portal,7813710,Selim,,West of Twin Peaks,37.73854113,-122.4660825,Entire home/apt,120,2,50,3/31/2018,1.4,1,222
5144482,Gorgeous & stylish unit w/parking,8146166,Michelle,,West of Twin Peaks,37.74457863,-122.4628432,Entire home/apt,139,2,184,3/19/2018,5.26,2,212
8351923,Cozy Garden Unit with All Amenities,8146166,Michelle,,West of Twin Peaks,37.7428765,-122.4614686,Entire home/apt,99,1,182,3/21/2018,5.85,2,190
1919829,"Sunny, charming room, parking, BART, deck",9950833,Kimberly,,West of Twin Peaks,37.73640963,-122.4443786,Private room,99,3,21,3/23/2018,0.42,2,11
3441517,Charming Bright Garden Studio,17343648,Judith,,West of Twin Peaks,37.74332631,-122.4507433,Entire home/apt,145,3,82,4/2/2018,3.09,1,264
4105694,"2 large BR + Den, 1.5 Ba Quiet classy neighborhood",21299098,Jimmy,,West of Twin Peaks,37.73462649,-122.4586599,Entire home/apt,200,2,28,3/16/2018,0.65,1,58
23542630,Garden apartment in peaceful and lovely setting,25116648,Michael J.,,West of Twin Peaks,37.75131352,-122.4640699,Entire home/apt,170,7,0,,,1,31
6940448,Guesthouse Private Quiet Room,31607663,Ximena,,West of Twin Peaks,37.72557595,-122.457469,Private room,80,3,5,11/12/2017,0.15,3,168
6091945,Private Room in Residential SF Home,31607663,Ximena,,West of Twin Peaks,37.72473769,-122.4567673,Private room,90,3,2,3/28/2018,0.06,3,207
12971987,Private Serene Suite / Bath,39740662,Tracey,,West of Twin Peaks,37.73075347,-122.4560166,Entire home/apt,123,5,20,11/9/2017,0.88,2,0
9346930,Spacious apartment in heart of San Francisco,48509044,Dmitriy,,West of Twin Peaks,37.72876534,-122.4614265,Entire home/apt,109,3,58,3/19/2018,2.12,1,149
10520808,Gorgeous 2 floors (2000 sq ft) house with views.,54217986,Janet,,West of Twin Peaks,37.73904775,-122.4596022,Entire home/apt,800,5,0,,,2,361
15166182,Luxurious work or vacation rental 1300 sq ft,54217986,Janet,,West of Twin Peaks,37.73936476,-122.4594469,Entire home/apt,135,3,41,3/26/2018,2.24,2,319
15207940,Cozy San Francisco experience in Westwood Park!,96602297,Ha,,West of Twin Peaks,37.72922569,-122.4606333,Private room,88,1,89,4/6/2018,4.79,1,255
20361588,"Spacious, Private 1 BR, Free Parking, Near 280/101",104809788,Elyssa,,West of Twin Peaks,37.7281539,-122.4615376,Entire home/apt,225,2,22,3/27/2018,3.06,1,52
17346342,Perfectly located private modern room & bath in SF,116621529,Anna,,West of Twin Peaks,37.72660603,-122.4630536,Private room,75,2,28,3/26/2018,2.19,1,64
20012065,"Family home in SF, two floors, 2br 2ba, sleeps 4+",134990994,Samuel,,West of Twin Peaks,37.74558619,-122.4588201,Entire home/apt,300,1,1,8/13/2017,0.13,1,0
21997273,rest is best,160620816,Kristen,,West of Twin Peaks,37.74148757,-122.4504843,Private room,100,1,2,3/6/2018,1.46,1,87
22980508,Spacious remodeled home in central neighborhood,170361642,Megan,,West of Twin Peaks,37.74069088,-122.4460722,Entire home/apt,445,3,0,,,1,18
24164283,Luxurious Master Suite near Twin Peaks (B),182094256,Eric,,West of Twin Peaks,37.74722454,-122.4599984,Private room,99,1,0,,,4,62
19912407,Cozy Private Room in Outer Sunset near the beach!,54616135,Roger,,Parkside,37.7412147,-122.5030082,Private room,120,1,14,3/23/2018,1.67,1,52
20712310,Fantastic bay views - master suite with roof deck,617114,Vikram,,Visitacion Valley,37.71833678,-122.4035303,Private room,79,2,16,3/19/2018,2.32,3,20
21313591,Quiet 1BR+. Private bath. Fire victims welcome.,2566492,Jim,,Outer Richmond,37.77620431,-122.4956507,Private room,150,1,1,10/17/2017,0.17,2,0
19086077,Bright Sunny House Next to UCSF Mission Bay 2S,17459345,Eric,,Potrero Hill,37.76192783,-122.3961344,Private room,95,5,14,4/4/2018,1.94,4,62
21070256,"Bright, Roomy, Private, Perfectly located",44353085,Robert,,West of Twin Peaks,37.73246675,-122.4687853,Private room,159,1,1,3/22/2018,1,1,110
19404355,"PERFECT LOCATION, fabulous spot in the city!",2694941,Jd,,Marina,37.79936419,-122.4441161,Entire home/apt,335,2,10,3/22/2018,1.27,2,70
21219237,"City View Private Suite, Steps from Glen Park Bart",30921916,Grace,,Outer Mission,37.7308395,-122.4374255,Private room,80,1,14,4/3/2018,4.47,1,259
2254431,Rooms with Spectacular Ocean View  ,11512680,Brent,,Outer Richmond,37.7749467,-122.5092119,Entire home/apt,398,1,33,10/18/2017,0.68,2,46
22439992,New 1 BRM Garden Apartment w/Free Parking+Laundry,164392538,Yevgen,,Outer Sunset,37.75025488,-122.5012029,Entire home/apt,130,1,15,3/28/2018,6.92,2,85
6914642,Secret Garden Cottage,36227299,Leila,,Mission,37.75450608,-122.4106733,Entire home/apt,210,2,85,3/21/2018,2.54,1,0
24117638,Newly remodeled suite,53373733,Sean,,Bayview,37.7313644,-122.3985014,Private room,49,2,0,,,2,67
17606766,Bernabe bnb,119492097,Gavina,,Outer Sunset,37.75332553,-122.5034109,Entire home/apt,199,2,54,3/28/2018,4.62,1,256
18349074,Poster Room: a cozy bunked space in warm community,117141107,Tobie,,Haight Ashbury,37.77029912,-122.4493162,Private room,90,2,42,4/1/2018,3.93,16,236
21307662,"Private, modern Central Sunset suite",1676998,Todd,,Outer Sunset,37.76482695,-122.48319,Entire home/apt,125,1,7,4/3/2018,5.53,1,36
20393341,Newly Remodeled Studio near Castro & Twin Peaks,337960,M. Cristina,,Castro/Upper Market,37.76100099,-122.4448929,Entire home/apt,135,3,25,4/1/2018,3.55,2,22
23251751,Bay Abode,7786255,Serena,,Outer Sunset,37.76281542,-122.499409,Entire home/apt,395,3,2,3/31/2018,2,1,42
10849451,Beautiful Contemporary apartment,12670133,Steve,,Visitacion Valley,37.70825336,-122.4169325,Entire home/apt,1250,1,0,,,1,0
22451601,"Cozy, quiet room in 1920s garden apartment",51861222,Priya,,North Beach,37.80133171,-122.4097601,Private room,120,2,7,3/28/2018,3.68,1,28
5114942,WORLDMARK San Francisco,85132,Sanford,,Chinatown,37.79096616,-122.406768,Private room,290,1,0,,,10,362
21928413,Private Bed and Bath in New Luxury SoMa Complex,39086730,Xu,,South of Market,37.77255151,-122.4053202,Private room,80,2,0,,,1,0
21578559,Inn at the Opera Hotel Room,47514427,Jeff,,Downtown/Civic Center,37.77976177,-122.4226325,Private room,140,1,0,,,15,23
1897346,Center City Oasis ~Ample Parking,9856291,Michele,,Twin Peaks,37.75279483,-122.4497571,Entire home/apt,380,2,22,3/15/2018,0.61,2,237
18475014,San Francisco's DREAMFORCE 2018,85132,Sanford,,Chinatown,37.79111812,-122.4064336,Private room,290,1,1,11/10/2017,0.2,10,360
1442028,Complete Split Level Loft-Live SoMA,3480578,Andrés,,South of Market,37.7861495,-122.3935916,Entire home/apt,390,4,37,3/8/2018,0.72,3,0
17516202,Single Bed R-5 with Shared bath,50160697,Virgilio,,Downtown/Civic Center,37.78528565,-122.4155614,Private room,70,2,24,3/30/2018,1.8,8,204
9504910,"Sunny 1 BR/1BA, Convient Location Near Waterfront",375032,Katie,,North Beach,37.79856345,-122.4042868,Entire home/apt,195,2,30,1/31/2018,1.06,1,3
19824550,"Newly Remodeled Room, Center of San Francisco",140076294,Tony,,Downtown/Civic Center,37.78431342,-122.4201356,Private room,150,1,26,3/17/2018,3.02,1,55
23271459,Stratford Hotel Room Queen,173206762,Stratford,,Downtown/Civic Center,37.78634979,-122.4088063,Private room,79,1,0,,,63,2
4033038,Grand 3-Level Painted Lady Victorian with Parking,3442905,Simone,,Western Addition,37.78630614,-122.4423725,Entire home/apt,1850,2,7,10/8/2017,0.27,4,183
13171740,Presidio Heights Designer Decorated Mansion,1650933,Cora,,Presidio Heights,37.79036126,-122.4500584,Entire home/apt,1500,3,1,11/10/2017,0.2,2,363
23634564,Stratford Hotel Twin/Twin,173206762,Stratford,,Downtown/Civic Center,37.7880223,-122.4070616,Private room,75,1,1,3/15/2018,1,63,0
23551835,Stratford Hotel Room Full,173206762,Stratford,,Downtown/Civic Center,37.78808911,-122.4076708,Private room,69,1,0,,,63,3
23804136,Bright spacious apartment in the heart of the city,5244284,Julia,,Western Addition,37.77687948,-122.4379578,Entire home/apt,480,3,0,,,2,118
6764986,THE BARTLETT QUEEN,17042045,The Bartlett,,Downtown/Civic Center,37.78682536,-122.4081317,Private room,110,1,60,3/22/2018,1.75,25,19
9110718,"*BAYFRONT*Spacious,Marina Blvd Home",47478140,Virginia,,Marina,37.80661438,-122.4355699,Entire home/apt,1285,2,30,3/27/2018,1.18,1,270
1245838,Fantastic Family Home,6789170,Nicole,,Bernal Heights,37.73670128,-122.4179692,Entire home/apt,250,5,20,1/15/2018,0.35,1,105
18209966,"Mermaid X*ng, Hip HayesV loft deck*view 1 BDRM 1Ba",3273603,Donna,,Western Addition,37.77398289,-122.4246298,Entire home/apt,79,1,22,12/23/2017,2.1,2,46
22755420,Edwardian Nob Hill Hideaway,2507485,Trevor & Jess,,Nob Hill,37.79108503,-122.4159051,Entire home/apt,275,2,0,,,1,0
7544803,"Charming, cozy house in Bernal!",4416304,Leslie,,Bernal Heights,37.73782786,-122.4134155,Entire home/apt,400,2,10,11/10/2017,0.49,1,41
22619139,NEW Spacious Luxury Garden Apartment,4103410,Yuanxuan,,Outer Mission,37.72556514,-122.4380638,Entire home/apt,115,1,19,4/2/2018,7.5,1,36
21186680,"Hayes Valley Haven - Central, sunny and quiet",152997097,James,,Western Addition,37.77407742,-122.4272003,Entire home/apt,490,2,3,3/24/2018,1.22,2,28
23314308,"Cozy Private Room-Studio feel, Parking [4](30%off)",159540074,Hewett,,Crocker Amazon,37.71274855,-122.4423141,Private room,90,30,1,3/24/2018,1,6,332
23521230,Home Away From Home Too! Room #2,17572711,James,,Bayview,37.72708951,-122.3850182,Private room,37,30,1,3/5/2018,0.91,4,90
23293099,Stratford Hotel Room Queen,173206762,Stratford,,Downtown/Civic Center,37.78676703,-122.4089927,Private room,79,1,1,3/14/2018,1,63,0
19570882,Glen Park Posh Lux/Family 2 BDRM /Spa BR/Living RM,137534021,Yeeman,,Outer Mission,37.73270812,-122.4474992,Entire home/apt,250,2,28,3/18/2018,3.44,1,124
18477846,Studio in amazing townhouse with stunning views,128177081,Diogo,,Noe Valley,37.7486312,-122.4418222,Private room,120,30,5,1/17/2018,0.45,1,363
15830044,Painted Lady in the heart of Pacific Heights,23631384,Sally,,Pacific Heights,37.79103204,-122.4337378,Entire home/apt,125,30,2,9/21/2017,0.16,1,19
15705696,Orca House Condo,4010344,Winter,,Parkside,37.74371069,-122.5020771,Entire home/apt,130,2,10,3/21/2018,1.08,1,20
15776727,Mission Dolores Guesthouse with attentive  details,15024043,Kai,,Castro/Upper Market,37.76442647,-122.4275934,Entire home/apt,250,30,38,2/2/2018,2.75,1,362
18609503,Sunset Comfortable 3-Bedroom with 1 full bath,17911454,Lily,,Outer Sunset,37.754665,-122.481665,Entire home/apt,120,30,36,3/21/2018,4.3,1,365
20996497,Contemporary condo in SOMA/Hayes Valley,3955832,Randall,,Western Addition,37.77038625,-122.4256864,Entire home/apt,165,30,8,12/8/2017,1.21,1,279
20815303,LUXURY BRAND NEW 2 STORY LOFT DWNT SF SEC PARKING,24489578,Peter,,South of Market,37.77423595,-122.4087124,Entire home/apt,270,31,34,3/1/2018,5.18,1,364
19995707,#201c SPACIOUS shared room in Hacker House,139469295,Bed|N|Build 2,,Noe Valley,37.75412809,-122.4283892,Shared room,31,30,0,,,1,350
20211607,Modern 2BR with Views & Spectacular Rooftop Deck,579542,Kim,,North Beach,37.79841252,-122.4048258,Entire home/apt,250,30,1,10/31/2017,0.19,1,365
20608728,Charming Ashbury Heights/Cole Valley Garden Studio,147265814,Courtney,,Haight Ashbury,37.76559079,-122.4448934,Entire home/apt,165,31,1,1/12/2018,0.35,1,14
15256248,Completely renovated room w/private bath,7433098,Aljosha,,Castro/Upper Market,37.7619584,-122.4332273,Private room,97,31,6,10/9/2017,0.39,2,262
19877506,Private Room - Private Bathroom on Valencia Street,139895521,Johnny,,Mission,37.76254703,-122.4217016,Private room,69,32,4,8/19/2017,0.46,2,365
15134083,Luxury 2BR in Haight Ashbury Dist-Buena Vista Park,95958962,Marie,,Haight Ashbury,37.77169491,-122.4389965,Entire home/apt,349,30,20,8/19/2017,1.07,1,0
14946749,Penthouse Studio with the View in San Francisco,31224596,Vladimir,,Parkside,37.74225058,-122.4963912,Entire home/apt,155,90,23,3/5/2017,1.21,2,0
14983353,Charming 3BR Victorian in NoPa W/Modern Upgrades,94424109,Jonathan,,Western Addition,37.77779763,-122.4385358,Entire home/apt,233,30,36,4/19/2017,1.92,1,218
9587253,#204 - Amazing private room in Startup House,10624127,Bed|N|Build,,Noe Valley,37.75421114,-122.4303823,Private room,63,30,2,5/13/2017,0.16,3,264
8866344,2 BR with Parking and Rooftop Pool in Mission,1257432,Rebecca,,Mission,37.76796967,-122.4197506,Entire home/apt,172,30,3,7/7/2017,0.11,4,340
9468121,#207 - Cozy Studio in Startup House,10624127,Bed|N|Build,,Noe Valley,37.75362594,-122.4300244,Private room,76,30,0,,,3,254
8646903,*NEW* MARINA LUXURY BEACH COTTAGE,45451507,Michael,,Marina,37.80316719,-122.4420375,Entire home/apt,220,30,28,11/23/2017,1.1,1,333
9296524,Relax in a Hammock Apartment in Close To Balboa Bart,8803470,Constance,,Ocean View,37.71742087,-122.4517662,Entire home/apt,193,1,73,3/25/2018,2.64,1,322
22164351,Upscale Modern Master Bedroom in SOMA SF,11461067,Rajdev,,South of Market,37.77169806,-122.4043881,Private room,199,30,7,2/22/2018,2.44,1,245
21665665,Home Away From Home Too! Room #1,17572711,James,,Bayview,37.7274435,-122.3865793,Private room,37,30,2,3/14/2018,2,4,60
8685716,The Bartlett QUEEN,17042045,The Bartlett,,Downtown/Civic Center,37.78688016,-122.4090014,Private room,110,1,72,3/17/2018,2.4,25,0
17810208,Top Floor Luxury Condo with Beautiful City Views,121729117,Connor,,Financial District,37.78790846,-122.3943909,Entire home/apt,400,30,44,2/8/2018,3.49,1,0
17438341,Luxury Condo by Bay Bridge,117579174,Leo,,South of Market,37.77308023,-122.3977962,Entire home/apt,170,30,5,2/20/2018,0.43,1,256
16986349,Private SOMA Condo + Rooftop views,10407041,Diana,,South of Market,37.77656203,-122.4085088,Entire home/apt,285,1,24,3/23/2018,1.84,1,42
8556635,Large 2 story home in SF,45040916,Aj,,Bernal Heights,37.74053454,-122.4089344,Entire home/apt,186,30,6,10/7/2016,0.21,4,248
8489712,The V - An elegant modern studio,44713280,The V,,Downtown/Civic Center,37.78267704,-122.4222033,Entire home/apt,115,30,14,8/28/2017,0.46,1,275
8596100,Top luxury condo in SOMA,45237945,Jay,,Financial District,37.78986947,-122.3922022,Entire home/apt,200,30,51,12/8/2017,1.69,1,30
8342838,Spacious room in luxury 2BD/2BA,22254657,Chirag,,Financial District,37.78423968,-122.3992456,Private room,100,180,0,,,1,0
7844031,Designer Condominium Close to Duboce Triangle,9434150,Barry,,Western Addition,37.77127884,-122.4284068,Entire home/apt,260,30,77,3/19/2018,2.48,1,352
5286782,"San Francisco,wonderful bedroom,Peninsula,Nice !!",408300,Jennifer,,Bayview,37.72764488,-122.3817263,Private room,61,30,0,,,2,283
5286779,"S.f. Wonderful,Nr 3rd,Wifi,full Kitchen,Pennisula!",408300,Jennifer,,Bayview,37.72615597,-122.3838997,Private room,55,30,0,,,2,358
8018902,Fully furnished private room,810374,Georgy,,Outer Sunset,37.74666442,-122.5025599,Private room,70,30,46,5/11/2017,1.48,2,32
13811042,one bedroom in large house,103427,Magalie,,Ocean View,37.72269508,-122.471314,Private room,150,30,0,,,1,365
13061396,Waterfront Living in Mission Bay,72339295,Theresa,,South of Market,37.77516811,-122.3930289,Entire home/apt,600,30,3,7/31/2017,0.15,1,358
13016330,Junior 1 Bedroom in Nob Hill,71832050,Mike,,Nob Hill,37.7963364,-122.4159751,Entire home/apt,73,30,92,2/25/2018,4.06,1,209
11228828,Luxury Condo in Prime SF location,58526721,Tyler,,Pacific Heights,37.79434537,-122.436244,Entire home/apt,650,30,7,8/8/2016,0.28,1,309
10862977,"Pacific Heights Elegance W Views 2bd/2ba, Parking",13832870,International,,Pacific Heights,37.7954322,-122.4371051,Entire home/apt,223,30,4,8/20/2016,0.16,5,365
10058568,Central San Francisco luxury,31021771,Ryan,,Haight Ashbury,37.76719266,-122.448238,Entire home/apt,215,30,4,2/16/2017,0.17,1,110
21612906,"Spacious 1 bedroom, 1 bath in Mission District",20900027,Noe,,Mission,37.75123218,-122.4096537,Entire home/apt,120,30,4,1/2/2018,0.9,2,137
14808208,Inner Sunset Sanctuary,92536054,Cassandra,,Inner Sunset,37.76053325,-122.4630663,Entire home/apt,166,30,44,1/26/2018,2.34,1,285
3377936,Modern *huge* fabulous gorgeous 2bd Flat,17041128,Michelle,,Mission,37.74911083,-122.4111531,Entire home/apt,150,30,26,1/18/2018,0.71,1,94
1408281,"Futon in living room, amazing view",1753794,Ashish,,Castro/Upper Market,37.76433154,-122.4366432,Shared room,75,30,301,12/10/2017,5.29,2,120
6526344,One bedroom in a 2/1 Mission Apt,11053358,Jared,,Mission,37.76313806,-122.4213643,Private room,50,60,2,8/15/2017,0.06,1,0
5932678,Superbly situated one bedroom apt,1314416,Jaz,,Downtown/Civic Center,37.77588351,-122.4190246,Entire home/apt,249,30,12,12/16/2017,0.5,1,364
5905163,Walk to Golden Gate Park & Beach!,8716218,Diana,,Outer Sunset,37.76393419,-122.4969518,Private room,60,30,31,8/11/2017,0.86,1,350
5436115,Private Bedroom in the Dogpatch!,18014246,Carlos,,Potrero Hill,37.75930823,-122.3875242,Private room,85,30,0,,,1,0
5505643,Modern Dolores/Castro Apartment with Roof Deck,16968890,Guillermo,,Castro/Upper Market,37.76451504,-122.4271768,Entire home/apt,300,30,44,3/31/2018,1.88,1,156
1174758,SF- Bridge Suite on Telegraph Hill,6428420,Victoria,,North Beach,37.80101926,-122.4039535,Entire home/apt,300,30,3,10/7/2016,0.07,2,277
5376278,Spacious Bright BR in My Sanctuary❣,12849180,Sahar,,Twin Peaks,37.74604396,-122.4525464,Private room,90,30,17,11/8/2017,0.6,4,251
1142127,30 Day Minimum 1 BR Garden Apartment,1809415,Jeff,,Marina,37.80472641,-122.439115,Entire home/apt,125,30,52,2/5/2017,0.89,2,280
130775,Emergency happy room-sink  UCSF/USF-San Francisco,21994,Aaron,,Haight Ashbury,37.76608594,-122.451262,Private room,65,32,10,8/6/2017,0.14,7,365
75422,Mission Outr CozyBedRm4+Minfridge,305973,Maria,,Excelsior,37.73127949,-122.424727,Private room,42,30,8,5/14/2017,0.11,11,341
113211,Shelli's Student Home (1 Month Min),576273,Shelli,,Chinatown,37.79294123,-122.4065867,Shared room,29,30,13,2/24/2018,0.19,6,218
69549,MISSION Outr BedRm3+Fridge+PvtBath ,305973,Maria,,Excelsior,37.73026802,-122.4264432,Private room,46,30,38,7/31/2017,0.44,11,219
2702606,Murphy bed in startup office,13830783,David,,South of Market,37.77660123,-122.3967356,Entire home/apt,194,30,0,,,1,365
96383,Prime Location Bright Private Room,216682,Jay,,Pacific Heights,37.79175618,-122.4247552,Private room,59,30,128,1/30/2018,1.53,6,251
54634,Studio Apartment Lafayette Park,216682,Jay,,Pacific Heights,37.79166446,-122.4264979,Entire home/apt,115,30,32,12/15/2017,,6,361
2189514,NEW MARINA 1BED AMAZING LOCATION!,11166407,Melise,,Marina,37.80386571,-122.4294245,Entire home/apt,220,30,24,7/1/2017,0.47,2,327
12041,Sunny/Sunset view room UCSF/USF - San Francisco,21994,Aaron,,Haight Ashbury,37.77018946,-122.4459422,Private room,85,32,5,10/16/2016,0.06,7,365
12042,Sunny/Sunset view room UCSF/USF - San Francisco,21994,Aaron,,Haight Ashbury,37.76894262,-122.4477822,Private room,85,32,5,10/18/2015,0.08,7,365
20635128,Calling all techies/stay at a hacker house!,21940642,Alex,,Crocker Amazon,37.71143385,-122.4377928,Shared room,0,3,7,1/19/2018,0.99,7,177
5468835,Semi-private Bed in Shared Studio,16556725,Mason,,Downtown/Civic Center,37.78117084,-122.4214136,Shared room,60,1,66,6/14/2017,1.77,1,0
22237152,3.4 Find Your New Home,38163072,Evgeny,,Ocean View,37.70520953,-122.464099,Shared room,35,3,5,3/25/2018,3.19,7,55
15677916,Single Bed in Guest House near Subway & Airport,80498309,Kiko,,Ocean View,37.70598722,-122.4591255,Shared room,39,1,32,3/24/2018,1.88,5,178
1783301,Sleek condo in heart of SF - w/ furry companion!,9360824,William,,South of Market,37.77697684,-122.4136273,Entire home/apt,160,4,35,4/3/2018,0.65,1,0
837045,Kid friendly apt near Duboce Park,4374318,Jolie,,Western Addition,37.7715913,-122.4320372,Entire home/apt,249,2,31,4/1/2018,0.55,1,73
537133,Castro Garden Loft,127367,Annette,,Castro/Upper Market,37.75643125,-122.4341148,Entire home/apt,105,30,4,6/24/2017,0.06,20,249
631635,Lovely Victorian Flat - Castro Area,2506276,Betty,,Noe Valley,37.75566095,-122.4345382,Entire home/apt,201,1,216,1/7/2018,3.15,1,119
20650375,★ Plush Condo ★ Located in Downtown SF★,67373986,Resort,,Downtown/Civic Center,37.78840473,-122.4122396,Entire home/apt,234,2,4,1/26/2018,0.64,7,297
487019,Big Bright 3 br/2ba in Potrero Hill,2410550,Ken,,Potrero Hill,37.75599837,-122.4002235,Entire home/apt,190,4,17,2/23/2018,0.25,1,13
20649513,2 Bedroom in Dogpatch,147666071,Thomas,,Potrero Hill,37.75743083,-122.389468,Entire home/apt,350,2,3,3/24/2018,0.41,1,64
11775546,Near Museum of Modern Art & Asian Art Museum,26482762,ResortShare1,,Downtown/Civic Center,37.78930059,-122.413044,Entire home/apt,216,3,15,3/13/2018,0.65,17,270
10450462,2beds//1bath/kitchen unit 2 (Vista Grande),41574587,Vienna,,Ocean View,37.70414475,-122.4629221,Entire home/apt,135,1,64,3/25/2018,3.48,2,352
22701495,"Back Guest apt, 2br/1ba, Full kitchen on Ocean Ave",147378338,Najeeb And Rashida,,Ocean View,37.72321656,-122.459888,Entire home/apt,191,3,3,3/15/2018,1.32,1,67
4227441,Private Bath & Entrance near UCSF,8812791,Maria,,Haight Ashbury,37.7656687,-122.4527843,Private room,125,2,159,4/4/2018,3.73,2,14
17414239,DIBS,31448877,Henry,,Ocean View,37.70692769,-122.4628806,Entire home/apt,200,1,58,3/27/2018,4.52,3,81
1728497,4-Bed Luxury Victorian,100800,Cynthia,,Western Addition,37.78628528,-122.4330952,Entire home/apt,750,5,4,1/5/2018,0.14,2,0
12814571,"Large, beautiful 2 BR Haight Ashbury Edwardian",14080773,Ken,,Haight Ashbury,37.76994374,-122.450378,Entire home/apt,290,5,0,,,1,10
3385880,Kid-Friendly Amazing Location,14847683,Milo,,Mission,37.76952227,-122.4228934,Entire home/apt,250,5,10,8/8/2016,0.23,1,16
20424773,"Master-bedroom with a view, ensuite bathroom",2415252,Johanna,,South of Market,37.77593665,-122.4140714,Private room,150,4,10,3/31/2018,1.46,1,32
18391536,Elegant Private Suite in Miraloma Park w/ Parking,26687266,Heather,,West of Twin Peaks,37.74321275,-122.4546659,Private room,135,1,70,3/30/2018,6.84,1,116
23634597,Stratford Hotel Twin/Twin,173206762,Stratford,,Downtown/Civic Center,37.78753945,-122.4084232,Private room,75,1,0,,,63,4
21122731,Modern home in Glen Park with Parking,56971,Niki,,Outer Mission,37.72988221,-122.4496947,Private room,110,2,4,10/22/2017,0.66,2,0
22281072,Sunny Modern Loft- Dogpatch- Easy Downtown Commute,123748031,Scott,,Potrero Hill,37.7592497,-122.3906485,Entire home/apt,120,1,3,1/7/2018,0.9,1,0
9760014,Quiet house on the hill,5029188,Josh,,Ocean View,37.72090819,-122.4637208,Entire home/apt,145,3,7,3/24/2018,0.26,1,0
1826125,Urban Tranquility in Ingleside,49904,Patricia And Allison,,Ocean View,37.72024021,-122.4666314,Entire home/apt,97,3,126,4/2/2018,2.34,1,95
7025631,Trees and light,9261734,Rochelle,,Crocker Amazon,37.70630139,-122.4448767,Private room,98,2,20,3/7/2018,0.65,2,305
5196070,Private room inlaw in san francisco,26653520,Annie,,Crocker Amazon,37.71010525,-122.4463076,Private room,99,2,17,1/10/2018,0.48,6,326
2530808,Cozy remodeled Castro cottage,961751,Noah,,Castro/Upper Market,37.75809479,-122.44255,Entire home/apt,172,2,34,4/1/2018,0.75,1,0
23583822,[No.5] DOUBLE Bed Bedroom with shared Bathrooms,158495115,Sze,,Outer Mission,37.70833294,-122.4560896,Private room,75,1,3,4/3/2018,3,6,140
21399535,Small Sofa in Boat Room,65942653,Brett,,Financial District,37.79071204,-122.3944137,Private room,74,1,0,,,1,1
16230722,Comfy fun private room & bath close to BART in SF,835197,Steve & Anna,,Outer Mission,37.71596168,-122.4479697,Private room,80,1,31,3/27/2018,2.02,1,135
697083,"Big Room, New Apt in Central Locale",2978367,Ken,,Mission,37.7636878,-122.4222202,Entire home/apt,250,1,4,3/17/2018,0.06,1,0
19589824,Beautiful Mission Terrace Home w/Parking,137702512,Jeanie,,Outer Mission,37.7246225,-122.4386527,Entire home/apt,249,1,22,3/23/2018,2.75,1,5
14196041,Wake up with sunshine/bus to SFO,66385869,Bobby,,Outer Mission,37.72512526,-122.4400733,Private room,87,1,50,3/15/2018,2.44,5,124
23634752,Stratford Hotel Twin/Twin,173206762,Stratford,,Downtown/Civic Center,37.78769392,-122.4084198,Private room,75,1,0,,,63,3
648086,Private room and Private bath.,3250518,Ponge,,Bernal Heights,37.74037871,-122.4175453,Private room,79,3,177,3/31/2018,2.62,1,125
23230950,Sunny Victorian in Haight,4152894,Gena And,,Haight Ashbury,37.77168925,-122.4421499,Private room,250,3,0,,,2,97
10783991,Private Garden Studio near GG Park,20767323,Roy & Annie,,Inner Sunset,37.7633163,-122.470106,Entire home/apt,134,3,131,3/28/2018,4.97,1,52
20250782,Cole Valley Queen,67830390,Victoria,,Haight Ashbury,37.76762841,-122.4496773,Private room,85,1,15,10/15/2017,1.9,4,0
859336,"Spacious, cozy & bright apartment in The Castro",4499134,Anka,,Haight Ashbury,37.76897266,-122.4385464,Private room,109,2,237,4/2/2018,3.71,1,39
23609645,Room in Noe Valley house w spectacular backyard,7557651,Maya,,Noe Valley,37.75103998,-122.4427059,Private room,100,2,3,3/29/2018,3,2,31
13669721,Home Away From Home in the Sunnyside,69670960,William,,Outer Mission,37.73309588,-122.4510634,Entire home/apt,225,3,43,3/22/2018,2.04,1,262
7856443,The Real San Francisco #2,6076870,Todd And Tatyana,,Seacliff,37.78227777,-122.4927843,Entire home/apt,195,2,40,3/31/2018,1.73,2,7
10929061,Large Mod Bedroom in Classic SF Edwardian Home,56658434,Cheryl,,Inner Richmond,37.77771364,-122.4716862,Private room,100,3,7,3/30/2018,0.31,3,58
767788,Clean & Quiet w/ Parking & Laundry,4049851,Daniel,,Outer Richmond,37.77305291,-122.4988856,Private room,79,1,328,3/9/2018,8.32,1,346
22959431,Master bedroom suite in Cole Valley/Haight St area,1886735,David,,Haight Ashbury,37.76766358,-122.4473237,Private room,125,2,3,4/1/2018,3,3,164
220418,Haight Ashbury Experience Room 3,1032643,Josh,,Haight Ashbury,37.7704207,-122.4501926,Private room,78,1,293,3/26/2018,3.67,6,323
7764531,Spacious SF Flat in Duboce Triangle,4202870,Jinsoo,,Castro/Upper Market,37.76878965,-122.4315825,Entire home/apt,200,1,1,7/8/2016,0.05,1,34
23293005,Stratford Hotel Room Queen,173206762,Stratford,,Downtown/Civic Center,37.78724253,-122.4084133,Private room,79,1,0,,,63,4
23312644,Stratford Hotel Room Full,173206762,Stratford,,Downtown/Civic Center,37.7866179,-122.4084637,Private room,79,1,0,,,63,4
24066291,Modern Travelers Dream,181197829,Junior,,Downtown/Civic Center,37.78521637,-122.4076372,Entire home/apt,200,1,0,,,1,85
20983732,In-law with private bathroom and laundry + cottage,199116,Kasper,,Excelsior,37.72959166,-122.4190602,Entire home/apt,112,2,3,3/4/2018,0.49,1,0
8484211,Unique Private Room in Noe Valley,13005900,Olivier And Alexandra,,Noe Valley,37.74738653,-122.4374622,Private room,110,2,0,,,3,0
20634940,Hacker house/stay with tech professionals,21940642,Alex,,Crocker Amazon,37.71294081,-122.4389184,Shared room,0,3,11,2/22/2018,1.59,7,86
206637,Monthly Shared Home for Students 5,329072,Darren & Friends,,Chinatown,37.79290807,-122.4063746,Shared room,29,30,3,6/30/2017,0.06,16,237
5196233,San Francisco Private Studio,26653520,Annie,,Crocker Amazon,37.71010899,-122.4464402,Entire home/apt,89,30,46,10/19/2017,1.31,6,277
13019244,Private Room in Victorian,10491767,Tom,,Haight Ashbury,37.77120391,-122.446849,Private room,125,1,1,9/8/2016,0.05,2,0
11513111,Golden Gate Heights,60672876,Vishal,,Inner Sunset,37.75121615,-122.4707068,Private room,140,1,2,10/3/2017,0.15,1,0
9779853,BIG Sunny Bedroom w/ a Great View,2001297,Urs,,Mission,37.76107703,-122.4085119,Private room,90,31,8,8/26/2017,0.28,6,229
1069167,"private bathroom, easy parking, real neighborhood",511458,Jenifer & Bob,,Bayview,37.74167743,-122.3825782,Private room,76,1,230,4/5/2018,4.5,1,279
110825,Charming Cottage with Bay View,568933,Michael,,Bayview,37.71548672,-122.3892242,Entire home/apt,120,30,8,3/16/2017,0.1,1,279
20365447,"Dream Room at Bliss, Ensuite bath",1258368,Faiz,,Bayview,37.72851439,-122.3908467,Private room,50,1,3,2/25/2018,1.13,5,2
22693303,"Sunset Room at Bliss, Shared bath",1258368,Faiz,,Bayview,37.73113209,-122.3907894,Private room,48,1,4,3/1/2018,2.14,5,1
654279,Quiet Room in Our Friendly Home,3289160,Chris & Tim,,Bayview,37.74514031,-122.4045866,Private room,90,3,233,3/30/2018,3.4,1,206
4215907,"Spacious, clean, quiet suite",5440227,LayKoon,,Bayview,37.71816074,-122.3939973,Entire home/apt,115,3,74,3/24/2018,1.74,1,75
21187925,"Chic, sun-drenched studio with views & parking",5611653,Jorge,,Bayview,37.7359302,-122.3967607,Entire home/apt,134,1,27,3/31/2018,4.76,1,89
19348868,Happy & Sunny Bayview Living - 2BR House ❤️,8371224,Albert,,Bayview,37.73522416,-122.3888987,Entire home/apt,300,4,2,12/29/2017,0.53,3,0
23914311,Revere Avenue Garden Apartment,8873381,Harendra,,Bayview,37.73301871,-122.3940141,Entire home/apt,115,3,1,4/1/2018,1,1,353
13769493,"Luxury, views and easy parking at architects house",15376205,Simon,,Bayview,37.71655662,-122.3899311,Private room,99,1,36,9/4/2017,1.69,2,0
4962043,Sunny 1 Bedroom with parking,15698216,Brendan,,Bayview,37.73126009,-122.3986974,Private room,150,7,45,5/8/2017,1.14,2,279
3689368,"Lovely house, 3 beds, free parking, garden",15698216,Brendan,,Bayview,37.72837458,-122.3978006,Entire home/apt,224,1,263,4/1/2018,5.91,2,23
18690689,Beautiful Private Bedroom in SF Ship Yard Area,19241440,Shannon,,Bayview,37.7272275,-122.3718566,Private room,99,7,5,4/1/2018,0.59,1,89
20176139,SF Spacious 6 Beds/3 baths Water View Backyard,20182227,Winson,,Bayview,37.73336332,-122.3969391,Entire home/apt,800,2,18,3/29/2018,3.05,2,27
5217164,"Stylish, private 3 room suite",26991996,Dale,,Bayview,37.72982233,-122.3917225,Entire home/apt,115,2,53,3/21/2018,1.47,1,329
17534666,Quiet Private Room in Artsy Shared Home/Urban Farm,35151167,Jen,,Bayview,37.7373672,-122.3923485,Private room,36,2,48,3/17/2018,3.75,1,63
17478285,Futon Bed for Overnight Stay in SF,40297300,Igor,,Bayview,37.72720178,-122.3716996,Shared room,42,1,68,3/24/2018,5.09,4,359
24021956,Private and Cozy Room at Bayview,54797840,Lara,,Bayview,37.72646812,-122.3932619,Private room,70,1,0,,,1,19
14386727,"Beautiful Balcony, 2 Rooms, 3 Beds, Free Parking",84154713,Sean,,Bayview,37.72869956,-122.3898066,Private room,150,2,135,3/19/2018,7.23,6,124
21693492,The Castle - Joe's Room,130921045,Paul,,Bayview,37.7338326,-122.3937538,Private room,69,1,19,3/30/2018,4.22,7,346
20388193,The Castle - Serenity Room,130921045,Paul,,Bayview,37.73559466,-122.3929569,Private room,0,1,25,3/28/2018,3.41,7,347
18999934,The Castle - Malibu Room,130921045,Paul,,Bayview,37.73446739,-122.3924077,Private room,140,1,49,4/1/2018,4.77,7,324
5536512,Sunny Room in 1901 Victorian Flat,18003,Ken,,Bernal Heights,37.74267565,-122.4209175,Private room,123,3,81,3/25/2018,2.4,1,15
183334,2 bedroom Bernal Heights Condo - FABULOUS views!,18732,Cecilia,,Bernal Heights,37.74530647,-122.4112181,Entire home/apt,225,3,6,7/28/2017,0.08,2,0
6195258,Lovely House and Garden,64888,Sarah,,Bernal Heights,37.74697402,-122.4119291,Entire home/apt,250,2,10,7/30/2017,0.29,1,9
22706387,Modern Bernal / Mission 1 bedroom,117615,Christina,,Bernal Heights,37.74075722,-122.4222638,Entire home/apt,235,2,2,3/28/2018,2,1,27
42403,Captain's Quarters,127367,Annette,,Bernal Heights,37.7335583,-122.4185132,Entire home/apt,85,30,6,6/1/2017,0.08,20,342
1281132,Garden view one bedroom - your own SF home,200941,Yina,,Bernal Heights,37.7353966,-122.4179518,Entire home/apt,120,2,22,3/31/2018,3.46,1,32
4794816,Eclectic & Bright in Bernal Hts,204288,Theresa,,Bernal Heights,37.74244443,-122.4209512,Entire home/apt,439,2,29,12/22/2017,0.73,2,0
20321592,Warm & Friendly BR in Bernal,286128,Buffy,,Bernal Heights,37.73598724,-122.4247517,Private room,115,2,0,,,2,0
59702,Garden Cottage Charming!,287136,Toby,,Bernal Heights,37.74208535,-122.414088,Private room,150,2,174,2/19/2018,2.1,1,308
21484566,Bernal Heights Getaway,294223,Max,,Bernal Heights,37.73922194,-122.4172654,Entire home/apt,175,3,12,4/2/2018,2.42,1,15
16073408,Private bedroom/bathroom in remodeled Bernal home,554399,Victor,,Bernal Heights,37.7383038,-122.4097394,Private room,85,2,35,3/30/2018,2.16,2,36
15876545,Sunny home just off Cortland (3 beds/2 full baths),554399,Victor,,Bernal Heights,37.74032998,-122.4110214,Private room,450,2,20,3/18/2018,1.24,2,115
2518781,Stylish Spacious Garden Master Studio,672097,Christopher 'Scott',,Bernal Heights,37.74220144,-122.4199166,Entire home/apt,164,1,274,3/26/2018,5.54,3,125
140568,Bernal Heights San Francisco Value,684131,Mary,,Bernal Heights,37.73873566,-122.4162381,Private room,90,2,119,3/22/2018,1.45,2,15
13970165,Live like a local - Walkscore 88/100!,796385,David,,Bernal Heights,37.7450339,-122.4109461,Private room,101,2,98,3/29/2018,4.73,3,58
14464362,"SF Living! Parks, cafés & a dog",796385,David,,Bernal Heights,37.74709373,-122.4098439,Private room,101,2,85,10/21/2017,4.34,3,49
5914638,Light-filled Victorian next to park,822680,Jessica,,Bernal Heights,37.74663757,-122.4104382,Entire home/apt,230,2,20,1/1/2018,0.57,1,275
5162669,Private bed & bath in Bernal Heights home,832389,Carol,,Bernal Heights,37.741802,-122.4106781,Private room,90,2,55,4/1/2018,1.75,1,230
646275,San Francisco Living Like A Local,1094388,Lynnore,,Bernal Heights,37.74711188,-122.4178095,Entire home/apt,149,4,80,3/31/2018,1.17,1,44
3895335,Bright Beautiful Bernal Bedroom,1525506,Valerie,,Bernal Heights,37.73670732,-122.4144243,Private room,90,30,8,10/22/2015,0.24,1,0
870705,Modern and Elegant 2/2 with Parking,1550755,Daniel,,Bernal Heights,37.74150975,-122.4230839,Entire home/apt,360,2,77,2/9/2018,1.22,1,125
4936367,Lovely bed/bath in heart of Bernal,1693456,Ben,,Bernal Heights,37.73581977,-122.4151772,Private room,98,2,19,10/29/2017,0.59,2,310
5933430,Beautiful 3 bedroom with garden,1808969,Sean,,Bernal Heights,37.73703202,-122.4180128,Entire home/apt,500,7,5,10/25/2015,0.14,1,254
15512995,Relax on the Roof Deck in Luxury Tri-level House,1865162,Susan,,Bernal Heights,37.7465087,-122.4103159,Entire home/apt,450,4,4,6/23/2017,0.26,1,33
18596420,Master Suite on Private Level in Bernal Bungalow,2207345,Abby,,Bernal Heights,37.74219755,-122.4209059,Private room,100,3,23,4/4/2018,2.55,1,18
21075660,"""A Very Fine House"" : 2 separate floors w/garden",2666465,Elizabeth,,Bernal Heights,37.73867865,-122.4173218,Entire home/apt,250,7,1,2/22/2018,0.67,3,14
11100926,Charming & Private Bernal Heights Room + Bathroom,2709765,Yael,,Bernal Heights,37.73658006,-122.4203454,Private room,100,3,22,3/5/2018,1.02,1,35
12155285,Beautiful Victorian with City Views,2915179,Emily,,Bernal Heights,37.74661943,-122.4150323,Entire home/apt,225,2,11,3/19/2018,0.45,1,32
591524,Cozy retreat with hot tub in North Bernal,2919481,Jessica,,Bernal Heights,37.74662746,-122.4169627,Entire home/apt,195,3,3,11/26/2017,0.36,1,5
3093070,Two Rooms in SF Gem with Magical Garden & Views!,3608449,Jeannie (And Skate),,Bernal Heights,37.74463493,-122.4086256,Private room,275,2,5,9/24/2017,0.35,4,286
915058,Unique Colorful SF House + Magical Garden & Views!,3608449,Jeannie (And Skate),,Bernal Heights,37.74446295,-122.4085021,Entire home/apt,859,2,13,2/11/2018,0.26,4,283
6439768,Bernal Nest 2BD Garden & Hot Tub,3904219,Jamey & Carole,,Bernal Heights,37.7387817,-122.4097669,Entire home/apt,250,2,9,8/17/2017,0.26,1,0
6604564,2BR/1B Modern Design Flat @ Mission,4091830,Daniel,,Bernal Heights,37.7481769,-122.4188406,Entire home/apt,350,1,19,3/21/2018,0.57,3,169
10787034,Spacious bedroom close to Glen Park Bart,4307164,Leslie & Gio,,Bernal Heights,37.73554745,-122.4272397,Private room,79,3,48,2/26/2018,1.82,3,317
820076,Cozy bedroom w/ closet.,4307164,Leslie & Gio,,Bernal Heights,37.7349548,-122.4272365,Private room,79,3,86,3/3/2018,3.26,3,336
1059611,Exceptional Two Level Designer home,4349750,Ramona And Arran,,Bernal Heights,37.7409147,-122.4164257,Entire home/apt,264,3,14,8/10/2017,0.66,2,125
1524346,Mirabel Flat,4352402,Stacey,,Bernal Heights,37.7450877,-122.4161126,Entire home/apt,165,30,55,10/29/2017,0.99,1,254
1335996,Prime location room with deck/patio access,5102955,Wolfgang,,Bernal Heights,37.74615012,-122.4167305,Private room,76,2,0,,,1,350
17721392,Homey Private Neighborhood Condo,5117637,Manish,,Bernal Heights,37.74530034,-122.421332,Entire home/apt,250,3,2,2/18/2018,0.25,2,6
4476390,Executive Suite in Bernal Heights,5215262,John,,Bernal Heights,37.73366076,-122.4271038,Entire home/apt,100,31,35,11/30/2017,0.85,4,259
2545771,"City Retreat with Patio, Firepit and Wooden Hottub",5739451,Daniel,,Bernal Heights,37.7345714,-122.4112708,Entire home/apt,275,2,13,1/2/2018,0.27,1,0
6165516,Three-Story  Bernal Heights Home,6163378,Beth,,Bernal Heights,37.73618989,-122.4183146,Entire home/apt,299,4,17,8/10/2017,0.52,1,0
1203172,"Large, Private Bernal Heights Oasis",6572139,Rachael And John,,Bernal Heights,37.74319972,-122.4093587,Private room,143,3,148,3/24/2018,2.53,1,202
22581115,Perfect Family House in Sunny Bernal Heights,6887629,Sig & Michelle,,Bernal Heights,37.73330122,-122.4197972,Entire home/apt,357,3,7,4/3/2018,2.5,1,136
7367786,"Bernal Hights Victorian views, yard",7726075,Anna,,Bernal Heights,37.74704463,-122.4156328,Entire home/apt,190,10,6,10/11/2016,0.19,1,41
1525886,Unique Bernal Room&Private Jacuzzi,8141679,Delilah,,Bernal Heights,37.74692951,-122.4168431,Private room,119,1,87,3/25/2018,1.56,1,333
13768233,2 Quiet Bedrooms in Stunning Spacious Home,8280568,Barbara,,Bernal Heights,37.74682546,-122.4230223,Private room,220,1,4,7/31/2016,0.19,3,0
11888682,Enjoy SF Views from a Spacious Private Suite in a Condominum,8280568,Barbara,,Bernal Heights,37.74625251,-122.4236118,Private room,210,2,17,3/27/2018,0.76,3,2
10270735,Private Bed & Bath w/ Beautiful Sunny deck,9249042,Eric,,Bernal Heights,37.73976231,-122.4132126,Private room,200,2,7,2/20/2017,0.34,1,96
3163839,Private Room With En Suite Bathroom,10132363,Sarah,,Bernal Heights,37.73843394,-122.4199777,Private room,100,30,4,9/21/2017,0.12,1,341
1970756,Beautiful 1bedroom apartment,10162964,Shelley,,Bernal Heights,37.74003647,-122.4208357,Entire home/apt,149,30,21,2/20/2018,0.41,3,365
10632584,"Sunny 3 bdrm, great area, parking, pets welcome!",10313206,Jennifer,,Bernal Heights,37.74169743,-122.4118138,Entire home/apt,270,2,39,3/25/2018,1.78,1,8
2356554,Bernal Heights - Le Refuge ,10436280,Tatiana,,Bernal Heights,37.73351757,-122.4170642,Entire home/apt,125,2,164,4/2/2018,3.33,1,286
10653901,Family-Friendly Home in Bernal Heights,10727952,Michael,,Bernal Heights,37.74685201,-122.4070293,Entire home/apt,299,3,4,11/25/2017,0.26,2,8
7181279,Cozy Studio in Bernal Heights,12114281,Kristin,,Bernal Heights,37.73378961,-122.4155581,Entire home/apt,130,1,101,3/11/2018,3.23,1,292
3293492,Charming 1bdrm+office with views!,12266929,Siri,,Bernal Heights,37.74182501,-122.417134,Entire home/apt,99,5,15,9/23/2017,0.44,1,3
17157585,Private Master Bedroom in Quiet Peaceful Home,12671698,Suzannah,,Bernal Heights,37.74061288,-122.4116486,Private room,95,31,4,8/5/2017,0.3,1,177
22214202,Boho-Modern Suite with Private Entry & Bath,16440250,Tiffany,,Bernal Heights,37.74505729,-122.4185661,Entire home/apt,115,1,9,4/4/2018,7.11,1,15
21217809,Beautiful Room with Twin Peaks View,16789286,Kim,,Bernal Heights,37.73754895,-122.4227165,Private room,75,1,15,2/25/2018,2.94,2,241
3442439,Spacious Bernal Heights In-law with private entry.,17349647,Candace And Joshua,,Bernal Heights,37.73674581,-122.4218089,Entire home/apt,100,2,15,3/24/2018,7.14,1,19
15383658,Beautiful Victorian Bedroom in Mission,17536951,Rob,,Bernal Heights,37.7429429,-122.4198992,Private room,60,4,66,4/1/2018,3.84,5,13
21312569,Home in the Hills,18304180,Lawren,,Bernal Heights,37.74064067,-122.4159803,Entire home/apt,239,2,8,4/1/2018,2.79,1,77
4882295,Garden View Room with Private Bath,23795896,Michael,,Bernal Heights,37.73612017,-122.4110971,Private room,89,4,156,3/14/2018,4.44,1,240
23684260,"All yours, a loved home in Bernal.",24053387,Annelise,,Bernal Heights,37.74539099,-122.4172477,Entire home/apt,250,2,0,,,3,0
7493513,Modern Apt in Sunny Village in SF,24157036,Angela,,Bernal Heights,37.7399718,-122.4128509,Entire home/apt,244,30,2,11/25/2015,0.06,2,281
21279801,Gorgeous Victorian Perfect for Multi-Gen Family,24949158,Angela,,Bernal Heights,37.74607685,-122.4176915,Entire home/apt,500,3,0,,,2,81
5167688,Bernal Heights / Mission 1 Bedroom,26727941,Ryan And Amanda,,Bernal Heights,37.74653155,-122.40797,Entire home/apt,145,3,90,3/31/2018,2.41,1,211
6560870,"Private Apartment - 1BR, 1BA, Living Room & Deck",28070005,Sage & Babs,,Bernal Heights,37.74814219,-122.4080592,Entire home/apt,135,3,107,4/2/2018,3.28,1,30
18916029,Urban Hideaway & Artspace,33242464,Libby,,Bernal Heights,37.73275235,-122.4232376,Entire home/apt,160,3,17,3/26/2018,1.78,1,47
18599084,Studio w/ Patio & Parking on the Sunny Dog Hill,34799523,Mari,,Bernal Heights,37.74162276,-122.4086438,Entire home/apt,105,5,6,1/23/2018,1.26,4,96
8568826,Home with view and free parking,34799523,Mari,,Bernal Heights,37.74262494,-122.4087504,Private room,95,4,21,2/1/2018,0.71,4,344
6688004,"Craftsman home, great neighborhood!",35005343,Linda,,Bernal Heights,37.74256808,-122.4135912,Private room,105,3,77,3/25/2018,2.31,1,131
12360520,"Cozy 1 bedroom, 1 garden cottage - San Francisco",42701649,Fouzia,,Bernal Heights,37.74161928,-122.4205609,Entire home/apt,195,2,0,,,1,311
8221207,Clean sweet space in Bernal Heights,42995477,Tietjen,,Bernal Heights,37.74067407,-122.4148858,Entire home/apt,140,2,90,3/27/2018,3.54,1,325
20355620,2nd Master Bedroom in large 2 story house,45040916,Aj,,Bernal Heights,37.74011571,-122.4087882,Private room,147,30,1,11/10/2017,0.2,4,365
13796550,Private renovated full floor suite! Close to BART,52252008,Amanda,,Bernal Heights,37.73571332,-122.4267951,Entire home/apt,160,1,34,11/22/2017,1.78,1,0
21356783,Sholé:  A Modern Bernal Home,52596135,Matt,,Bernal Heights,37.73825582,-122.4169336,Entire home/apt,230,4,0,,,1,0
12041223,Jasper's Studio,64462528,Michael And Nicole,,Bernal Heights,37.73690737,-122.4108329,Private room,75,2,106,4/3/2018,5.9,1,43
13157125,Gorgeous Private Master Bedroom & Master Bathroom,73456108,David,,Bernal Heights,37.73982215,-122.4177463,Private room,111,2,36,11/10/2017,1.82,1,0
17159806,Sunny Two Bedroom House in Lovely Bernal Heights,115416158,Terry,,Bernal Heights,37.74664903,-122.4153682,Entire home/apt,200,2,20,3/30/2018,1.69,1,4
23304639,Brand New! Chic studio with downtown view,141601409,Joan,,Bernal Heights,37.74576652,-122.4095833,Entire home/apt,150,2,7,4/4/2018,7,1,14
23527874,Beautiful Sunrise Room in an Art Filled Victorian!,172378324,Mary,,Bernal Heights,37.74575156,-122.4128874,Private room,140,2,2,3/18/2018,2,2,76
20620600,Castro Contemporary meets 1920's Charm,44927,Ken & Joe,,Castro/Upper Market,37.76566501,-122.4367327,Entire home/apt,398,3,9,3/26/2018,1.44,1,108
65408,Sunny 2 bedroom with private deck and views,116319,Tasha,,Castro/Upper Market,37.7609587,-122.4321993,Entire home/apt,225,3,83,4/1/2018,0.95,1,237
3343629,Collingwood Surprise,127367,Annette,,Castro/Upper Market,37.75720575,-122.4373192,Entire home/apt,217,30,4,8/18/2017,0.11,20,216
479072,Lovely garden studio in the Castro,210275,Viola,,Castro/Upper Market,37.75755635,-122.4363966,Private room,199,1,160,4/1/2018,2.24,1,49
138772,Garden Studio,261304,Claire,,Castro/Upper Market,37.75822672,-122.4327331,Private room,150,5,50,3/22/2018,0.61,1,180
114401,Room w/ a View in the Castro!,580606,George,,Castro/Upper Market,37.76101577,-122.4300545,Private room,125,1,396,3/23/2018,4.74,1,332
1777429,Modern Luxury - 4bd + studio,648553,Julie & Brad,,Castro/Upper Market,37.75700039,-122.4268785,Entire home/apt,1150,5,5,11/26/2017,0.23,3,243
3124541,Private Bath & Private Entry + Large Bedroom,694440,Yuca,,Castro/Upper Market,37.76271829,-122.4435392,Private room,148,2,185,4/5/2018,3.96,1,180
2578122,Sunny Victorian - Garden Guestroom,742560,Brian,,Castro/Upper Market,37.76852192,-122.4278718,Private room,125,3,134,3/30/2018,2.92,2,70
269371,Delux Digs by Buena Vista Park,838614,Matthew,,Castro/Upper Market,37.76294481,-122.4397359,Private room,95,2,126,3/31/2018,1.63,1,338
13857866,Retreat in a Roomy Apartment in Mission Dolores / Castro,858429,Kate,,Castro/Upper Market,37.76165843,-122.4294346,Entire home/apt,236,1,148,3/29/2018,7.03,1,153
11848754,Gorgeous home tucked away in garden,1468538,Wyatt,,Castro/Upper Market,37.76232363,-122.4373709,Entire home/apt,425,3,1,3/22/2018,1,1,50
1421774,Charming Private Castro Studio,1513493,Vanick,,Castro/Upper Market,37.7664988,-122.4360631,Entire home/apt,135,3,292,4/1/2018,5.75,1,114
295240,Luxury Apartment Oasis w/ Hot Tub,1525192,Kristoffer,,Castro/Upper Market,37.76267417,-122.439195,Entire home/apt,275,2,93,3/22/2018,1.24,1,182
9661919,Toddler-friendly Castro 2 floor apt,1553275,Douglas,,Castro/Upper Market,37.75895662,-122.4338026,Entire home/apt,199,30,1,1/3/2016,0.04,1,0
10459440,Artists' modern home with old charm,1727899,Braden,,Castro/Upper Market,37.75925336,-122.4335492,Private room,175,1,14,1/12/2018,0.52,1,0
7204761,Large 2 BR Mission/Castro + nursery,1782044,Iris,,Castro/Upper Market,37.76526579,-122.4299669,Entire home/apt,300,3,13,1/1/2018,0.4,1,11
2737894,The Twin Room @Heart of the Castro,1841207,Craig And Geoff,,Castro/Upper Market,37.75968971,-122.4352407,Private room,80,3,17,1/2/2018,0.36,4,17
14029901,Gay-owned Victorian gem in the Castro,2048437,Lance And Nils,,Castro/Upper Market,37.75742272,-122.4374125,Private room,99,2,61,3/28/2018,3.18,1,312
22375226,Beautiful & modern home in HEART of the Castro,2253513,Scott,,Castro/Upper Market,37.76240469,-122.4331378,Entire home/apt,245,3,2,4/1/2018,0.69,1,8
496108,Entire Edwardian Home in Central SF,2450324,Kenneth And Mike,,Castro/Upper Market,37.7677839,-122.4342674,Entire home/apt,549,2,42,7/12/2017,0.59,1,17
23121061,Large & Bright Room in the ❤ of The Castro,2711732,Keith,,Castro/Upper Market,37.7611149,-122.4343123,Private room,175,1,8,3/30/2018,4.36,4,160
22495406,"Paradise for walking, transit, shopping, and food",3138116,Jay,,Castro/Upper Market,37.76393574,-122.4300112,Private room,85,5,4,4/1/2018,1.4,2,18
776239,"Modern view house up above the Castro, 3+bdrm/2ba",4094089,Josh,,Castro/Upper Market,37.75808973,-122.4431117,Entire home/apt,525,5,6,11/10/2017,0.29,1,58
7275084,Guest room & bath in Castro home,4811527,Meredith,,Castro/Upper Market,37.76074216,-122.443594,Private room,115,2,101,1/11/2018,3.24,1,44
13335441,"Peaceful room in Castro Edwardian, with views.",5066857,Ryan,,Castro/Upper Market,37.76287581,-122.4418637,Private room,150,30,0,,,1,0
14488234,Cozy Duboce Triangle Bedroom with Private Bathroom,5161705,Jason And Jerrett,,Castro/Upper Market,37.76732604,-122.4324014,Private room,105,1,164,3/23/2018,8.16,2,270
6887043,"Spacious apartment with pkg, steps away from Muni",5639050,Marc,,Castro/Upper Market,37.76337999,-122.4369755,Entire home/apt,150,30,4,9/1/2017,0.12,1,90
7902488,Stylish Garden Aptmt w/Private Bath,5919636,Jennifer,,Castro/Upper Market,37.7612094,-122.4424327,Private room,200,3,6,11/9/2017,0.19,2,0
17865626,Great Haven in Terrific Location,5944606,Bill,,Castro/Upper Market,37.76655515,-122.4266082,Entire home/apt,250,3,15,3/24/2018,1.59,1,184
3791003,Fabulous Victorian home in Castro,6210478,Ariel,,Castro/Upper Market,37.7566675,-122.4367054,Entire home/apt,375,4,8,1/1/2018,0.18,1,17
1999524,CASTLE DREISKULL: PLEASURE DEN!!,6794769,Andrei,,Castro/Upper Market,37.7641242,-122.4337538,Entire home/apt,173,30,206,3/2/2018,4.08,2,340
1450899,Dolores Park: Nested in the Sun APT,7183434,Ste & Juan,,Castro/Upper Market,37.75836186,-122.4273631,Entire home/apt,205,3,10,9/17/2017,0.53,1,31
2550991,Studio in Sublime Location,8520365,Teresa,,Castro/Upper Market,37.7571315,-122.4319889,Entire home/apt,120,30,31,1/1/2018,0.65,1,138
12361563,Beautiful Castro Edwardian (Master Bedroom),9475163,Dhruv,,Castro/Upper Market,37.76182064,-122.4377943,Private room,118,2,25,3/4/2018,1.22,2,15
18359884,Executive Garden Studio with Bedroom City/Bay View,9483729,Gonzalo,,Castro/Upper Market,37.76800681,-122.4386755,Entire home/apt,250,2,42,4/4/2018,5.16,1,50
10105531,Studio by Dolores Park & Castro,9776019,Lorenzo,,Castro/Upper Market,37.76167883,-122.429632,Entire home/apt,10,30,18,1/15/2018,1.36,2,223
18024826,Comfy room in best location,9953895,Veronica,,Castro/Upper Market,37.75981471,-122.4296936,Private room,90,3,48,3/8/2018,4.01,2,0
14688313,Cozy room in best location,9953895,Veronica,,Castro/Upper Market,37.75757727,-122.4295638,Private room,80,3,80,3/22/2018,4.26,2,14
2677288,"Edwardian flat, heart of the Castro",11233014,James,,Castro/Upper Market,37.76160948,-122.4323997,Private room,99,1,233,4/1/2018,4.9,1,325
22627473,"Beautiful, spacious San Francisco Home",11667252,Cheney,,Castro/Upper Market,37.75653268,-122.4390222,Entire home/apt,600,7,0,,,2,112
11104122,Enjoy the Panoramic Views in Centrally located House,12303242,Dan,,Castro/Upper Market,37.75734951,-122.4311036,Entire home/apt,350,3,73,3/30/2018,3.08,1,118
3520817,Luxurious Home With Expansive Views,13754306,Randy,,Castro/Upper Market,37.75807426,-122.4284621,Entire home/apt,850,30,40,8/8/2016,0.9,1,365
9758393,Two Bedroom Apt by Castro & Mission,16883354,Rob,,Castro/Upper Market,37.76423616,-122.4275863,Entire home/apt,425,30,40,3/16/2018,1.45,1,180
7037700,"Spacious & Bright, Close to Trains, Duboce",19782983,Kim,,Castro/Upper Market,37.76801533,-122.4337078,Entire home/apt,200,30,10,8/19/2017,0.32,1,364
13046853,Castro Garden Getaway,20528526,Greg,,Castro/Upper Market,37.76206116,-122.4357643,Entire home/apt,187,3,13,3/25/2018,0.6,1,8
4418675,"Modern, bright and spacious house",22457660,Laura,,Castro/Upper Market,37.75659467,-122.435583,Entire home/apt,850,3,23,10/6/2017,0.58,1,159
5045601,THE CASTRO Classic Home - Best Location :),26048550,Connie,,Castro/Upper Market,37.76515958,-122.4347258,Entire home/apt,149,2,130,3/15/2018,3.34,1,341
5641815,Castro Studio in HEART of SF! (No smokers),29239000,Christine,,Castro/Upper Market,37.75875352,-122.4336393,Entire home/apt,135,3,201,3/21/2018,5.4,1,159
14691164,Quiet Safe Apartment 2blocks to Castro MUNI&Stores,31069921,Tim,,Castro/Upper Market,37.76590288,-122.4347035,Entire home/apt,280,4,38,3/28/2018,2.66,1,19
19553249,GLORIOUS views of SF—Business Ready,35409165,Michael,,Castro/Upper Market,37.75787936,-122.4271095,Entire home/apt,390,2,5,9/30/2017,0.61,1,0
7181655,4BR House with Parking in the Castro,37624778,Eric,,Castro/Upper Market,37.7645021,-122.4314531,Entire home/apt,975,4,24,2/25/2017,0.73,1,46
7348398,Unique Castro Neighborhood Rental,38498758,Michael,,Castro/Upper Market,37.75697869,-122.4395053,Private room,125,2,165,4/2/2018,5.06,1,270
16454916,Cottage with a View,39759525,Maria,,Castro/Upper Market,37.75848172,-122.4303482,Entire home/apt,200,3,20,11/17/2017,2.13,1,80
14265180,Hip Castro area 3 BR with patio,41182469,Steven,,Castro/Upper Market,37.75952104,-122.4411415,Entire home/apt,350,3,27,4/1/2018,1.35,1,14
8287266,Victorian in the heart of Castro,43695190,Alex & Daniel,,Castro/Upper Market,37.76413592,-122.4318872,Private room,145,2,149,3/21/2018,4.96,2,228
8904047,Hot Spot with Cozy Pied-a-terre!,46574267,Amy,,Castro/Upper Market,37.76280603,-122.428252,Entire home/apt,155,2,149,3/23/2018,5.09,1,49
14040494,Bright topfloor room overlooking tree-lined street,68591341,Hantian,,Castro/Upper Market,37.76709697,-122.4340734,Private room,160,2,3,1/13/2018,0.5,1,31
15615510,Garden Cottage near Dolores Park/Castro/Mission,100672984,Roberto,,Castro/Upper Market,37.7630344,-122.4278078,Entire home/apt,175,2,25,3/23/2018,1.47,3,1
21370662,Spacious and Bright Studio with Separate Entrance,115841608,Florian,,Castro/Upper Market,37.76147123,-122.4337167,Private room,180,3,12,4/3/2018,2.26,1,22
20624559,Bright and Airy Modern Studio Nestled in SF Hills,147443041,Michael,,Castro/Upper Market,37.76344665,-122.4407373,Entire home/apt,129,2,45,3/29/2018,6.05,1,47
20851971,"2 Bedroom, Central San Francisco",149649492,Seth,,Castro/Upper Market,37.76074938,-122.437792,Entire home/apt,401,3,11,3/24/2018,1.68,1,63
21243333,Garden 1 bedroom in the Castro-Close to Bart,151819951,Peter,,Castro/Upper Market,37.76508406,-122.4344267,Entire home/apt,180,7,3,1/10/2018,0.54,2,2
21309142,"Small House in Dolores Heights, great views",154222319,Phil,,Castro/Upper Market,37.7564518,-122.4289937,Entire home/apt,175,3,0,,,1,0
21646993,"Gorgeous, Modernized Victorian Gem in the Castro",157544783,Elizabeth,,Castro/Upper Market,37.76087073,-122.4378261,Entire home/apt,300,3,5,4/1/2018,2.34,1,14
21801204,Debonair Private Room Private Bath - Best Location,158700396,Jed,,Castro/Upper Market,37.7691618,-122.4295692,Private room,95,3,3,3/19/2018,1.84,2,22
23294592,Jazzy Private Bedroom - Central Location,167354482,Ara,,Castro/Upper Market,37.76913503,-122.4318131,Private room,85,3,7,3/26/2018,4.77,2,22
22740686,Super Small Private Room-Twin Bed - Best Location,167573274,Karen,,Castro/Upper Market,37.76646534,-122.4309544,Private room,71,3,5,3/18/2018,3.26,2,49
18472576,San Francisco DREAMFORCE / SALESFORCE,85132,Sanford,,Chinatown,37.79079911,-122.4059711,Private room,290,1,1,11/9/2017,0.2,10,359
18471840,DREAMFORCE / SALESFORCE 2018 - San Francisco,85132,Sanford,,Chinatown,37.79167131,-122.406471,Private room,290,1,0,,,10,361
842269,Shelli's Student Home5 (1 Month Min,576273,Shelli,,Chinatown,37.79359559,-122.405764,Shared room,29,30,6,3/31/2017,0.1,6,256
435389,Shelli's Student Home4(1 Month Min),576273,Shelli,,Chinatown,37.79418392,-122.4058186,Shared room,29,30,7,3/31/2018,0.1,6,280
23897639,Centrally located 2BR in Heart of SF,2806033,Tina,,Chinatown,37.79402473,-122.4088952,Private room,350,5,0,,,2,48
616204,Walker's Paradise - Heart of SF,2806033,Tina,,Chinatown,37.79527243,-122.4092538,Entire home/apt,450,5,60,3/27/2018,0.87,2,132
11439599,"Modern Luxury 1BR, #6",9965793,The Twist,,Chinatown,37.79203548,-122.40618,Entire home/apt,126,30,2,9/10/2017,0.12,6,150
11439120,"Modern Luxury 2BR, #2",9965793,The Twist,,Chinatown,37.79208689,-122.4061077,Entire home/apt,149,30,3,2/23/2018,0.13,6,101
3826011,Perfect Condo For Business Travelers,10474332,Shahin And Muna,,Chinatown,37.79233997,-122.4068964,Entire home/apt,185,30,22,12/30/2017,0.5,1,282
10805884,Nob Hill WorldMark Timeshare Rental Condo-Sleeps 4,55782784,Kevin,,Chinatown,37.79135996,-122.4061039,Entire home/apt,300,2,4,1/11/2018,0.15,9,122
10963158,Nob Hill WorldMark Timeshare Studio Condo,55782784,Kevin,,Chinatown,37.79154143,-122.4064766,Entire home/apt,250,2,5,2/2/2018,0.19,9,70
24065926,Beautiful Hotel Style Studio Heart of Union Square,70722023,Michael,,Chinatown,37.79121211,-122.4079811,Entire home/apt,95,2,0,,,3,10
15286104,"Worldmark 1BR/2BA:Sleeps4, Close to DreamForce",84583753,Hanny,,Chinatown,37.79072557,-122.4077135,Entire home/apt,800,3,2,11/9/2017,0.11,3,0
6601749,SF| Cozy private studio. Fully equipped,424793,Iz,,Crocker Amazon,37.71173951,-122.4456098,Entire home/apt,74,30,15,1/11/2018,0.44,1,338
5750696,4 bedrooms in Quiet neighbor-No party or smoking,672862,Sharon,,Crocker Amazon,37.70931764,-122.4339503,Entire home/apt,275,1,128,3/29/2018,3.49,1,325
1470340,Garden Suite - Crocker Amazon near Mission Street,1393328,Gustav Alexander,,Crocker Amazon,37.71098633,-122.4356884,Entire home/apt,88,3,91,3/31/2018,4.34,1,42
22699153,SF Southern Hills 3 Bedroom House with Parking,9652582,Javier,,Crocker Amazon,37.70623417,-122.4440582,Entire home/apt,200,2,3,4/2/2018,3,4,261
23026398,Live like a local! Spacious and bright SF home.,9793189,Anastasia,,Crocker Amazon,37.70788941,-122.446275,Entire home/apt,125,2,2,3/24/2018,2,2,24
14379077,Modern bed & bath in the hills,10770504,Becca,,Crocker Amazon,37.70503434,-122.4332844,Private room,85,1,55,4/1/2018,2.74,4,357
14432761,Spacious double queen private bath,10770504,Becca,,Crocker Amazon,37.70526684,-122.4333611,Private room,130,1,95,3/26/2018,4.78,4,311
17098186,Spacious master bdrm in a nice house w/SF panorama,33532518,Irene,,Crocker Amazon,37.70912642,-122.4361624,Private room,80,3,52,1/17/2018,3.74,4,12
7519077,Comfy room in a nice house with SF panoramic views,33532518,Irene,,Crocker Amazon,37.7049262,-122.4394777,Private room,70,3,115,4/1/2018,3.5,4,13
6992826,Gated Borderline Beauty + PARKING!,36663224,Karen,,Crocker Amazon,37.70825279,-122.4266178,Private room,75,1,17,10/12/2015,0.51,1,0
13814256,Quiet Studio Apartment near San Francisco,61574759,David,,Crocker Amazon,37.70501995,-122.4343428,Entire home/apt,105,2,76,4/2/2018,3.75,1,2
16847403,Daly City Private Room (Closed to San Francisco),76840637,Yitao,,Crocker Amazon,37.70840529,-122.450804,Private room,85,1,9,6/26/2017,0.63,2,5
22019844,"Breathtaking 180 degree ocean, bay and city views.",82909790,Russell,,Crocker Amazon,37.70446804,-122.4409978,Entire home/apt,265,2,18,4/1/2018,5,1,297
19877901,Nice little room to explore San Francisco,140642728,Roberto,,Crocker Amazon,37.7123425,-122.4374738,Private room,121,2,37,1/14/2018,4.66,1,328
23827634,(F2) Private Bedroom with private bathroom in SF.,157183838,Johnny,,Crocker Amazon,37.71207101,-122.4423751,Private room,81,1,0,,,1,95
24087204,"Quiet Private Room -studio feel, Parking [A]",159540074,Hewett,,Crocker Amazon,37.71067352,-122.4427418,Private room,90,1,0,,,6,351
23314035,"Quiet Private Room/Studio feel, Parking [3] 30%off",159540074,Hewett,,Crocker Amazon,37.71201966,-122.4443279,Private room,82,1,5,3/23/2018,4.29,6,344
23550791,Remodeled bedroom with private en suite bathroom,175969733,Sat,,Crocker Amazon,37.71183386,-122.4433173,Private room,69,3,2,4/3/2018,2,2,20
2948159,"Panoramic Views!   2BR, 2BA",4020174,Stefan,,Diamond Heights,37.74301407,-122.4418756,Entire home/apt,272,2,37,2/17/2018,0.82,1,320
17812931,2 beds & breakfast with free parking!,32363478,Marie,,Diamond Heights,37.74547592,-122.44615,Private room,80,2,84,3/17/2018,7.16,2,64
16987679,Residential hotel near Union Square SF room#10,115849,Hiromi,,Downtown/Civic Center,37.78819211,-122.4123572,Private room,150,7,24,1/8/2018,1.8,8,77
17419327,Residential hotel near Union Square SF room#2,115849,Hiromi,,Downtown/Civic Center,37.78713135,-122.4116986,Private room,140,7,7,8/15/2017,0.57,8,23
3469254,1 Master Bedroom En-suite & Parking,233347,Wenlin,,Downtown/Civic Center,37.78336444,-122.4209233,Private room,100,30,9,9/23/2016,0.2,1,84
5904304,Classic Private Room in Heart of SF,3249792,Sebastian,,Downtown/Civic Center,37.78827423,-122.415058,Private room,79,2,134,3/24/2018,4.06,2,254
1474209,Great SF Hotel/Timeshare (Union Sq),6346492,Dana,,Downtown/Civic Center,37.78711593,-122.4095956,Private room,175,1,101,10/27/2017,1.78,29,0
7958278,Downtown SF Large Hotel/TS Studio,6346492,Dana,,Downtown/Civic Center,37.78836168,-122.4106279,Private room,180,2,7,10/11/2016,0.33,29,0
8993307,Central Hotel/TS Studio Un. Sq.,6346492,Dana,,Downtown/Civic Center,37.78896631,-122.4100157,Private room,180,2,4,10/8/2016,0.14,29,0
2926901,Lovely Union Sq. Timeshare/Hotel,6346492,Dana,,Downtown/Civic Center,37.78838974,-122.4094458,Private room,179,2,44,1/24/2017,0.92,29,0
19125378,Basic Single Room R-8 with Shared Bath,50160697,Virgilio,,Downtown/Civic Center,37.78584016,-122.414273,Private room,79,2,14,3/19/2018,1.85,8,216
13973341,"Donatello, King Size Bed, near Moscone",11638127,Dave,,Downtown/Civic Center,37.78721514,-122.4096927,Private room,219,1,2,11/9/2017,0.11,5,0
4728615,THE BARTLETT QUEEN,17042045,The Bartlett,,Downtown/Civic Center,37.78688321,-122.4077741,Private room,89,1,82,2/5/2018,2.03,25,19
8685898,The Bartlett QUEEN,17042045,The Bartlett,,Downtown/Civic Center,37.7854648,-122.4085031,Private room,40,1,83,3/17/2018,2.8,25,19
8554141,The Bartlett QUEEN,17042045,The Bartlett,,Downtown/Civic Center,37.78680319,-122.4077514,Private room,110,1,60,3/7/2018,1.95,25,0
16945037,THE BARTLETT QUEEN,17042045,The Bartlett,,Downtown/Civic Center,37.78585522,-122.4082109,Private room,70,1,38,3/19/2018,2.75,25,17
7240598,THE BARTLETT QUEEN,17042045,The Bartlett,,Downtown/Civic Center,37.78562499,-122.4079963,Private room,110,1,76,3/23/2018,2.29,25,0
16930348,The Bartlett QUEEN,17042045,The Bartlett,,Downtown/Civic Center,37.78565821,-122.4081036,Private room,70,1,34,3/19/2018,2.43,25,17
3712105,Union Square Luxury Suite 301,18780326,Eleanor,,Downtown/Civic Center,37.78950571,-122.4109902,Entire home/apt,325,30,21,6/19/2017,0.47,2,362
20190537,Downtown Remodeled Penthouse,19629774,Conor,,Downtown/Civic Center,37.78860175,-122.4207919,Private room,99,30,1,11/10/2017,0.2,2,121
23313157,Stratford Hotel Room Queen,173206762,Stratford,,Downtown/Civic Center,37.78652756,-122.4074578,Private room,79,1,1,3/15/2018,1,63,2
23551892,Stratford Hotel Room Full,173206762,Stratford,,Downtown/Civic Center,37.78751846,-122.4081526,Private room,69,1,3,3/15/2018,3,63,3
6836411,SF Hotel Studio: Union Square (4),22267033,Jennifer,,Downtown/Civic Center,37.78744664,-122.4105873,Entire home/apt,239,1,10,3/23/2018,0.3,21,349
20874967,SF Union Square Hotel Studio (4),22267033,Jennifer,,Downtown/Civic Center,37.78745833,-122.410705,Entire home/apt,265,1,1,3/23/2018,1,21,362
15268492,"SF Union Square, unbeatable location! (4)",22267033,Jennifer,,Downtown/Civic Center,37.78711584,-122.4093537,Entire home/apt,239,1,3,11/10/2017,0.33,21,353
20497174,SF Hotel Studio: Union Square Gem!,22267033,Jennifer,,Downtown/Civic Center,37.78877154,-122.4106024,Entire home/apt,239,1,3,10/20/2017,0.49,21,356
15054072,"SF Union Square, unbeatable location! (4)",22267033,Jennifer,,Downtown/Civic Center,37.78869897,-122.4113322,Entire home/apt,239,1,2,11/9/2017,0.38,21,361
6453774,SF Hotel Studio: Union Square (1),22267033,Jennifer,,Downtown/Civic Center,37.78835532,-122.4091569,Entire home/apt,249,1,33,11/17/2017,0.96,21,355
13978938,Posh 2 Bedroom Presidential ★ Downtown SF,26482762,ResortShare1,,Downtown/Civic Center,37.78919515,-122.4134198,Private room,390,2,3,11/9/2017,0.15,17,196
14197816,Stay in the ♥ of Downtown | Near Union Square ★,26482762,ResortShare1,,Downtown/Civic Center,37.78784823,-122.4130918,Private room,216,2,6,1/25/2018,0.32,17,297
13978543,Beautiful Condo near Theater District | Museums,26482762,ResortShare1,,Downtown/Civic Center,37.78950315,-122.4124901,Private room,312,3,2,5/5/2017,0.13,17,102
9275385,"Inn at the Opera ""Concerto Suite""",46879173,Thomas N.,,Downtown/Civic Center,37.77799506,-122.4227099,Private room,144,2,5,8/3/2017,0.24,1,4
13284332,Studio at Donatello Hotel near Union Square,47514427,Jeff,,Downtown/Civic Center,37.78728162,-122.411473,Entire home/apt,235,1,20,3/24/2018,1.85,15,202
21919621,Studio at the Donatello near Union Square,47514427,Jeff,,Downtown/Civic Center,37.78810598,-122.4094058,Private room,210,1,2,3/22/2018,2,15,0
23163677,AMAZING DESIGNER SHOWHOME - prime location!!,58233162,Heather,,Downtown/Civic Center,37.78703642,-122.4163237,Entire home/apt,320,1,1,3/1/2018,0.81,2,84
23686129,STAY AT THE DONATELLO HOTEL IN UNION SQUARE,64646820,Michelle,,Downtown/Civic Center,37.7873094,-122.4098764,Private room,199,1,3,3/23/2018,3,13,50
23684463,THE DONATELLO HOTEL - UNION SQUARE,64646820,Michelle,,Downtown/Civic Center,37.78753387,-122.4114688,Private room,199,1,1,3/22/2018,1,13,48
23854289,INN AT THE OPERA BOUTIQUE HOTEL-SLEEPS 2 or 4,64646820,Michelle,,Downtown/Civic Center,37.77972917,-122.4230986,Private room,199,1,0,,,13,52
20758777,Deluxe 1 Bedroom ★ near Theater District | Museums,67373986,Resort,,Downtown/Civic Center,37.7898003,-122.4116146,Private room,234,2,9,3/23/2018,1.45,7,309
15325569,Wyndham Canterbury 1 Bedroom Condo with Kitchen,96098402,Carrie,,Downtown/Civic Center,37.78806153,-122.4137266,Entire home/apt,599,3,0,,,6,365
15214880,1 BDRM Deluxe Condo in Wyndham Canterbury,96098402,Carrie,,Downtown/Civic Center,37.78781957,-122.4137364,Entire home/apt,399,3,4,7/17/2017,0.22,6,8
17385851,Room with 2 single beds & shared bathroom in Hotel,103049007,Akshay,,Downtown/Civic Center,37.7860013,-122.4130507,Private room,70,1,19,2/20/2018,1.48,11,56
19212255,2 beds (sleeps 3) and shared bathroom in Hotel,103049007,Akshay,,Downtown/Civic Center,37.7862919,-122.4126441,Private room,85,1,17,3/11/2018,1.71,11,84
16029428,Private Room with shared bathroom in Hotel,103049007,Akshay,,Downtown/Civic Center,37.78429565,-122.4122353,Private room,70,1,83,3/9/2018,5.01,11,48
20799337,The Sutter Apartment Front,104172283,Charles,,Downtown/Civic Center,37.78914274,-122.4150881,Entire home/apt,270,2,30,3/17/2018,4.76,2,11
21122475,** Master Bedroom in Central SF Apartment! **,136429154,Laura,,Downtown/Civic Center,37.78870419,-122.413786,Private room,99,1,27,3/31/2018,4.29,2,314
21584515,Modern Comfortable Studio For 6 People Center SF!!,150187034,Yutoliho,,Downtown/Civic Center,37.78241221,-122.4158477,Entire home/apt,105,1,8,2/21/2018,1.55,3,136
22908079,White Swan Inn - Deluxe King with Fireplace,163061723,White Swan Inn,,Downtown/Civic Center,37.78912522,-122.4121109,Private room,289,1,1,2/23/2018,0.68,3,316
23271859,Stratford Hotel Room Queen,173206762,Stratford,,Downtown/Civic Center,37.78662447,-122.4082159,Private room,79,1,0,,,63,4
23629793,Stratford Hotel Twin/Twin,173206762,Stratford,,Downtown/Civic Center,37.78663891,-122.409101,Private room,75,1,0,,,63,0
23293368,Stratford Hotel Room Queen,173206762,Stratford,,Downtown/Civic Center,37.78772783,-122.4073458,Private room,79,1,0,,,63,0
23269859,Stratford Hotel Room Queen,173206762,Stratford,,Downtown/Civic Center,37.78630197,-122.4088058,Private room,79,1,1,3/12/2018,1,63,2
23271377,Stratford Hotel Room Queen,173206762,Stratford,,Downtown/Civic Center,37.7872516,-122.4085931,Private room,79,1,0,,,63,2
533193,Mission Outr CozyBedrm2 + MinFridge,305973,Maria,,Excelsior,37.72988374,-122.4267269,Private room,43,30,15,6/1/2017,0.22,11,354
292723,Mission Outr PvtBDRmD3 + MiniFridge,305973,Maria,,Excelsior,37.7309646,-122.4237795,Private room,40,30,18,8/5/2017,0.24,11,249
81256,MISSION Outr BedRM#2 + 2Beds+Fridge,305973,Maria,,Excelsior,37.73152154,-122.4254703,Private room,42,30,19,2/17/2018,0.23,11,342
252321,Garden Room-Funky Wee Organic Farm,1324175,Chris,,Excelsior,37.72657163,-122.4278882,Private room,59,3,160,4/1/2018,2.32,2,229
13788740,3BR-2B light-filled house 10 min from hip Mission,2259098,Thuy,,Excelsior,37.72486287,-122.4317214,Entire home/apt,220,7,5,1/4/2018,0.43,2,36
457986,"2BR, 2BA w/parking in San Francisco",2276990,Team Ritger,,Excelsior,37.72593987,-122.4332747,Entire home/apt,195,5,8,8/16/2017,0.14,1,82
21343847,"A Room in a Bright, Quiet Victorian",2305126,Lorraine,,Excelsior,37.71888966,-122.4346701,Private room,45,1,6,4/1/2018,2.65,1,11
19927986,"2 rooms in comfortable, light-filled house",2929454,Kendra,,Excelsior,37.73094807,-122.4272574,Private room,90,2,7,1/27/2018,0.88,1,0
18612680,Vast sunny bedroom in single family home,3572427,Alexis,,Excelsior,37.71732173,-122.4338767,Private room,60,2,5,6/30/2017,0.49,2,3
2942149,3 BDR Storybook Victorian w/ View,4030726,Michael,,Excelsior,37.71799399,-122.4363541,Entire home/apt,325,3,84,2/12/2018,2.05,2,248
2135871,Nice Clean Furnished Room,4191595,Laura & Larry,,Excelsior,37.73082301,-122.4212646,Private room,39,30,4,12/25/2017,0.09,3,111
17849606,Clean Portola home 2BR/1BR close to everything,9236138,Matthew,,Excelsior,37.72680352,-122.4086829,Entire home/apt,120,3,30,3/24/2018,2.39,1,85
5749839,Cute Cottage Facing Sunny Backyard,12740147,Kysi,,Excelsior,37.72906197,-122.41014,Entire home/apt,108,1,59,3/26/2018,1.61,1,304
2496086,"view, view and view.",12776533,Victor,,Excelsior,37.72841392,-122.4231376,Entire home/apt,185,3,140,1/29/2018,3.41,1,280
18615202,Large Room near Glen Park Subway (BART),18469627,Darryl,,Excelsior,37.73024797,-122.4271538,Private room,100,1,36,3/31/2018,3.67,1,19
7483031,"Cozy 2BR Apt w/Parking-Excelsior, S.F.",39190942,Jean And Alfredo,,Excelsior,37.72257376,-122.4329715,Entire home/apt,148,3,129,3/25/2018,4.01,1,145
10385321,Modern Spacious MissionTerrace Apt.,40993599,Robert,,Excelsior,37.7258319,-122.4304184,Entire home/apt,100,2,161,3/29/2018,6.03,1,18
9735841,San Francisco Lovely Place + Parking,44134050,Olivier,,Excelsior,37.71987221,-122.430177,Entire home/apt,110,3,78,2/24/2018,2.85,1,171
9284412,Private 1-BR Garden Retreat,47261559,Debi,,Excelsior,37.72841144,-122.4116298,Entire home/apt,125,1,267,4/3/2018,9.18,1,295
14166343,SANCTUARY IN THE CITY,57571078,Carol,,Excelsior,37.71897986,-122.4317438,Entire home/apt,149,7,13,11/10/2017,0.69,1,162
13318584,Bingo! Private-Modern-Remodeled Suite,75307977,Rigo,,Excelsior,37.72510987,-122.4071636,Entire home/apt,135,2,130,4/1/2018,5.86,1,45
14276563,Looking East,75594709,Magdalena,,Excelsior,37.72806307,-122.4277333,Private room,52,1,9,3/25/2018,0.44,3,238
14654471,Affordable private room in SF,86027378,Ernest,,Excelsior,37.72626844,-122.4183218,Private room,43,30,46,8/27/2017,2.34,4,270
14577765,Private room located in SF,86027378,Ernest,,Excelsior,37.72590439,-122.4184864,Private room,43,30,50,1/9/2018,2.53,4,282
18804992,"Comfortable, Bright, Quiet Home, Incredible View.",130909810,Inbar,,Excelsior,37.72380605,-122.4236038,Entire home/apt,100,3,6,8/27/2017,0.65,1,0
19390402,Newly Remodeled and Cozy 2 Bedroom House,135936845,Carrie,,Excelsior,37.73408283,-122.4064207,Private room,120,2,13,10/2/2017,1.4,1,11
175090,FINANCIAL DIST: Gino's Cozy Getaway,127367,Annette,,Financial District,37.79018403,-122.4047484,Entire home/apt,110,30,24,7/1/2015,0.3,20,334
786506,Friendly Hostel with Community #9,329072,Darren & Friends,,Financial District,37.79259738,-122.4033947,Shared room,38,1,136,4/3/2018,2.6,16,25
72444,Friendly Hostel with Community #2,329072,Darren & Friends,,Financial District,37.79308771,-122.4044315,Shared room,38,1,281,3/30/2018,3.28,16,16
1925714,Minimalist Historic Penthouse with Roof Deck,995213,Jason,,Financial District,37.79722637,-122.4011302,Entire home/apt,180,30,30,12/13/2017,0.64,1,245
1960123,Downtown Master Bedroom Suite,7722078,K,,Financial District,37.78971962,-122.4019239,Private room,124,30,11,8/11/2016,0.22,2,19
22505200,Cozy & Convenient 1 Bdrm in the Heart of SoMa,21510528,Emily,,Financial District,37.78450349,-122.3983359,Entire home/apt,143,2,6,2/28/2018,3,1,0
15267186,"201 - Private & Clean, 2 beds, Sleeps 4 people!",93714995,325,,Financial District,37.7900648,-122.4066324,Private room,92,1,67,4/1/2018,4.22,13,62
183859,"Family-Friendly Flat In San Francisco, CA. USA",882283,Stephen,,Glen Park,37.73625672,-122.4367697,Entire home/apt,220,3,165,4/3/2018,2.31,1,296
10943827,"Sunny, Cozy, and Convenient Studio",4925259,Michaele,,Glen Park,37.7388493,-122.4359413,Entire home/apt,139,2,130,3/23/2018,4.94,1,101
18656457,"Kid-friendly Glen Park garden studio, private bath",9797614,Casey,,Glen Park,37.73535317,-122.4364747,Private room,80,2,0,,,2,136
2096756,"Sunny home, free parking, BART",9950833,Kimberly,,Glen Park,37.73507969,-122.4394927,Entire home/apt,213,4,27,4/1/2018,0.55,2,21
9845618,Modern Home with Stunning Views,10722310,Melissa,,Glen Park,37.73845253,-122.4282444,Entire home/apt,425,4,1,1/20/2016,0.04,2,218
22570708,Two private rooms with bathroom and kitchen,18658510,Sammy,,Glen Park,37.73898938,-122.4303963,Private room,180,1,3,3/20/2018,1.88,3,171
4156390,SF Cozy Haven with Private Entrance & Private Bath,21567505,Jody,,Glen Park,37.73967314,-122.4269439,Private room,90,2,265,3/30/2018,6.17,1,230
7009654,Quiet Glen Park Room for Two People,34268088,Glenn,,Glen Park,37.73631883,-122.4369148,Private room,69,2,79,3/23/2018,2.45,1,52
11101987,Charming Studio in Safe Location,35427233,Melanie,,Glen Park,37.73427647,-122.4362517,Entire home/apt,130,2,76,3/28/2018,3.02,2,74
21398528,Classic Victorian in Fairmont Heights/Noe Valley,64814861,Lori,,Glen Park,37.74097314,-122.4289646,Entire home/apt,475,2,8,2/19/2018,1.73,1,227
15270469,Glen Park 1 bedroom apartment,97153125,Will,,Glen Park,37.7367855,-122.4386358,Entire home/apt,118,3,17,3/7/2018,1.95,1,33
20981346,Light-Filled Hillside Studio Apartment,144000421,Elizabeth,,Glen Park,37.73981228,-122.4301271,Entire home/apt,125,3,23,3/24/2018,4.04,1,58
3319447,Cozy garden unit near GG Park/UCSF,5034081,Anna,,Golden Gate Park,37.76651566,-122.4560144,Entire home/apt,170,2,136,4/3/2018,2.95,1,297
7918,A Friendly Room - UCSF/USF - San Francisco,21994,Aaron,,Haight Ashbury,37.7666896,-122.4525046,Private room,65,32,17,11/21/2016,0.16,7,365
43778,Lyon's Den,127367,Annette,,Haight Ashbury,37.7727162,-122.4408369,Entire home/apt,120,30,7,10/2/2014,0.08,20,244
9150171,Room in Historic SF,167143,Jessie,,Haight Ashbury,37.76930336,-122.4513975,Private room,99,3,0,,,2,0
10926639,"Large room w/ 2 beds & bath, next to USF, GG Park",196333,Erik,,Haight Ashbury,37.77362984,-122.4465675,Private room,109,2,99,3/23/2018,3.75,1,43
602036,Eclectic Queen Anne Victorian in NOPA,224980,Robin,,Haight Ashbury,37.77585851,-122.4424276,Entire home/apt,350,30,1,9/22/2017,0.15,2,9
191632,Private Entrance Garden Studio,583207,Maria,,Haight Ashbury,37.77310912,-122.4497861,Entire home/apt,138,2,341,3/28/2018,4.21,1,174
1208928,Haight Ashbury Victorian Flat with Modern Design,739859,Jeff,,Haight Ashbury,37.7691827,-122.4484887,Entire home/apt,390,3,66,2/2/2018,1.16,2,159
1605483,"Cozy Blue Room: Haight, Central SF!",1125797,Siobhann,,Haight Ashbury,37.76551046,-122.4494596,Private room,89,2,105,3/11/2018,2.07,1,78
571042,Upscale View Cottage in San Francisco 2br/ 2ba,1550529,Shannon,,Haight Ashbury,37.76810141,-122.4397246,Entire home/apt,499,5,7,4/3/2018,0.1,1,37
5286047,Stylish NOPA Pad,1674453,Adam,,Haight Ashbury,37.77612045,-122.4404803,Entire home/apt,240,3,41,1/1/2018,1.09,1,0
10832295,Charming Family Friendly NOPA Flat,1745806,Andrew,,Haight Ashbury,37.77280943,-122.4520424,Entire home/apt,450,5,8,7/20/2017,0.36,1,26
10043166,NEW 3-Bedroom SF Apartment,1821071,Ariel,,Haight Ashbury,37.76482709,-122.4513141,Entire home/apt,400,2,12,9/2/2017,0.46,2,3
23479779,Master and Queen bedrooms - Cole Valley/Haight St.,1886735,David,,Haight Ashbury,37.76721894,-122.4472326,Private room,220,3,0,,,3,202
379349,Best location in San Francisco,1901233,Miriam,,Haight Ashbury,37.76648139,-122.4454205,Entire home/apt,125,3,174,3/24/2018,2.46,1,244
379255,Beautiful 4-bdrm in San Francisco,1904628,Clare,,Haight Ashbury,37.76587674,-122.4428136,Entire home/apt,672,6,5,3/25/2018,0.07,1,77
13273159,Beautifully designed/remodeled 3BD 2BA in NOPA,2564937,Christine,,Haight Ashbury,37.7742115,-122.4489066,Entire home/apt,600,2,4,8/6/2017,0.19,1,0
21613932,Victorian Mansion by Haight-Ashbury and GG Park,3020330,Cathie,,Haight Ashbury,37.77309363,-122.4483339,Private room,200,3,4,1/1/2018,0.86,1,0
671230,Bungalow on top of San Francisco,3401792,Jeff,,Haight Ashbury,37.76881029,-122.4404588,Entire home/apt,250,2,15,2/6/2018,0.22,1,156
19308750,Modern Apartment in  Ashbury Heights,3406843,Matt & Dorothee,,Haight Ashbury,37.76691511,-122.4446116,Entire home/apt,275,2,4,3/4/2018,0.54,1,47
715754,Stunning Views Near Haight & Castro,3685746,Deb & Greg,,Haight Ashbury,37.76645818,-122.4432031,Entire home/apt,160,30,78,7/25/2017,1.19,2,356
783149,Chic Modern Cole Valley Apartment,4111317,Arnold & Amy,,Haight Ashbury,37.76712266,-122.4487075,Entire home/apt,250,30,136,8/14/2017,2.23,1,365
3006861,2 bedroom in great SF neighborhood,4165887,Edward,,Haight Ashbury,37.76408117,-122.4504959,Entire home/apt,250,4,8,12/28/2017,0.18,1,0
1206261,In the Heart of Haight/Ashbury # 6 STR,4677165,Ashirvadam,,Haight Ashbury,37.77106949,-122.4487436,Private room,99,1,141,3/18/2018,2.41,4,315
5320351,Cozy Private Room in NOPA Edwardian,4730499,Maryam,,Haight Ashbury,37.77474826,-122.4421195,Private room,80,30,16,3/7/2018,0.49,1,235
3861272,Cole Valley Gem 3 Bedrooms/2.5 Baths,5502762,Gerald,,Haight Ashbury,37.76440665,-122.4471925,Entire home/apt,450,3,19,11/10/2017,0.55,1,5
1148625,Private Room in Haight Victorian,6296873,Dennis,,Haight Ashbury,37.76738649,-122.4446685,Private room,80,3,222,3/29/2018,3.83,1,16
16416050,Stunning Victorian Penthouse,6891075,Ryan,,Haight Ashbury,37.77596146,-122.4429545,Entire home/apt,1000,1,14,3/9/2018,0.98,3,131
7178670,Beautiful Bedroom and Bath in Historic Victorian,6891075,Ryan,,Haight Ashbury,37.77560651,-122.4409009,Private room,239,1,193,4/1/2018,6.26,3,131
1309496,Grand Edwardian Flat in Trendy NOPA,7118153,Roy,,Haight Ashbury,37.77600613,-122.441163,Entire home/apt,275,3,22,1/8/2018,0.42,1,0
5849626,"Spacious, Accoutered Queen Anne Studio!",7221947,Tiffany,,Haight Ashbury,37.77451758,-122.4449008,Entire home/apt,250,3,125,3/25/2018,3.63,1,14
10802306,Bright and Spacious 2 Bedroom in Cole Valley,9018490,Mara,,Haight Ashbury,37.7670606,-122.4483916,Entire home/apt,499,2,7,11/25/2017,0.29,1,0
20873868,Remodeled Edwardian Flat in Haight-Ashbury,9296204,Joseph,,Haight Ashbury,37.77329952,-122.4474114,Private room,125,2,9,3/30/2018,1.42,1,0
1989997,Tree-house Hideaway in the Haight,9490868,Michelle & Jeffrey,,Haight Ashbury,37.77272103,-122.43973,Private room,102,1,210,3/24/2018,3.99,1,320
16535678,"Sunny, Contemporary One Bedroom Guest Suite",11331016,Catherine,,Haight Ashbury,37.76504349,-122.4485092,Entire home/apt,245,2,83,4/3/2018,5.53,1,105
2272343,Gorgeous Large Victorian NOPA Home,11601787,Rob,,Haight Ashbury,37.77422489,-122.4462838,Entire home/apt,500,3,112,3/24/2018,2.22,1,109
2559297,Entire 2BR w/pkg centrally-located!,12707660,Rob,,Haight Ashbury,37.77506722,-122.4409392,Entire home/apt,235,2,30,3/28/2018,0.62,2,336
5031525,"Sunny, Spacious NOPA Garden Studio",21789834,Gabi,,Haight Ashbury,37.77477824,-122.4401095,Entire home/apt,200,30,71,4/5/2018,1.93,1,207
4379621,Elegant apartment in Haight-Ashbury,22740583,Greg,,Haight Ashbury,37.77000007,-122.4481368,Entire home/apt,211,2,127,3/19/2018,3.13,1,258
4623011,Former B&B in the heart of S.F.,23942099,Robert Stern &,,Haight Ashbury,37.76250699,-122.4480305,Private room,125,2,34,3/4/2018,1.03,5,343
5960738,Historic Sunny Cole Valley Flat,27513654,Steve,,Haight Ashbury,37.76620171,-122.4525133,Entire home/apt,480,2,11,12/29/2017,0.31,1,177
7562249,1BR Modern Oasis in NOPA Victorian,33592967,Katherine,,Haight Ashbury,37.77650255,-122.4394587,Entire home/apt,195,30,62,2/21/2018,1.94,1,282
16202104,2 Bedrooms in Beautiful Victorian home,40536296,Mustapha,,Haight Ashbury,37.77219709,-122.4423674,Private room,575,2,3,9/14/2017,0.37,2,363
7901865,Spacious Cole Valley family home,41665252,Hayley,,Haight Ashbury,37.76487913,-122.4480452,Entire home/apt,475,7,2,6/25/2017,0.1,1,108
23476220,Spacious King Room near Haight-Ashbury / UCSF,43954646,Lance,,Haight Ashbury,37.76726734,-122.4530217,Private room,195,3,5,4/2/2018,5,3,39
9473338,A Cole Valley cubby,49098311,Jill,,Haight Ashbury,37.7672171,-122.4501084,Private room,65,1,137,3/27/2018,5.15,1,189
14594885,Designer luxury home at entry to Golden Gate Park,51008244,Richard,,Haight Ashbury,37.77271479,-122.4533741,Entire home/apt,200,2,41,3/31/2018,2.17,1,39
10369097,Huge Beautiful Victorian in NOPA.,53202725,Keri,,Haight Ashbury,37.77246164,-122.4441273,Entire home/apt,2000,1,4,9/17/2017,0.15,1,258
20268056,Cozy Cole Valley Single Room,67830390,Victoria,,Haight Ashbury,37.76795532,-122.4486527,Private room,75,2,5,11/19/2017,0.63,4,0
17343208,Redwood Forest: Private Room+Bath in Warm Co-op,117141107,Tobie,,Haight Ashbury,37.77037871,-122.449475,Private room,90,1,73,3/25/2018,5.45,16,245
17433075,Rose Garden - a Magical Bed+Bath in Warm Community,117141107,Tobie,,Haight Ashbury,37.77033057,-122.4505299,Private room,90,1,45,4/1/2018,3.8,16,252
17767353,Tea Garden - a Private Room in a Warm Community,117141107,Tobie,,Haight Ashbury,37.77016931,-122.4492331,Private room,90,1,20,3/26/2018,1.65,16,239
17977925,Classy and Comfortable in Spacious Apartment,123485258,Joe,,Haight Ashbury,37.76953892,-122.4490663,Entire home/apt,375,2,33,1/26/2018,2.75,4,247
1016604,Entire 3br Beautiful Edwardian Home,58930,David,,Inner Richmond,37.78027085,-122.4610791,Entire home/apt,454,4,9,1/8/2018,0.2,3,33
5506592,Lone Mountain Master Suite,674976,Phil,,Inner Richmond,37.77844106,-122.4580964,Private room,120,2,18,10/22/2017,0.5,4,112
8777405,Charming Inner Richmond Guest Suite,736281,Jon,,Inner Richmond,37.7764246,-122.4700614,Entire home/apt,135,3,143,3/29/2018,4.89,1,53
13315189,Beautiful apartment with Victorian Charm,906727,Elizabeth,,Inner Richmond,37.78508571,-122.4707728,Entire home/apt,190,30,20,1/2/2018,0.91,2,0
15856221,"Live like a local - 2bdrm Flat, Great location!",957607,Morgan,,Inner Richmond,37.78095281,-122.4667078,Entire home/apt,249,2,25,9/19/2017,1.82,1,81
9587361,Garden oasis by Golden Gate Park,1656069,Rita & Nathan,,Inner Richmond,37.77902559,-122.4658542,Entire home/apt,300,1,100,4/1/2018,6.51,2,230
7344289,The Garden oasis by Golden Gate Park,1656069,Rita & Nathan,,Inner Richmond,37.78118058,-122.4663334,Entire home/apt,400,1,153,8/13/2017,4.67,2,41
561148,Great Home Near Golden Gate Park,2758480,Steve,,Inner Richmond,37.77821633,-122.4581341,Entire home/apt,450,3,13,11/10/2017,0.19,1,1
22568177,AMAZING Spacious APT Near Golden Gate Pk & Bridge,2818775,Elena,,Inner Richmond,37.78023585,-122.473535,Entire home/apt,350,2,2,3/22/2018,2,2,115
10676501,Private Entrance Garden Room w/Kitchenette,3751184,Scott,,Inner Richmond,37.77760562,-122.4601751,Private room,85,5,39,3/31/2018,1.48,2,114
18567266,Beautiful Private Space Across Street from GG Park,4470755,Katie,,Inner Richmond,37.77556031,-122.4613271,Private room,120,4,19,3/30/2018,2.53,1,6
10379822,Warm Family home in the center of San Francisco,5055362,David,,Inner Richmond,37.77672206,-122.4496413,Entire home/apt,899,4,5,3/19/2018,0.23,1,235
7841744,"Elegant condo near parks, museums",5717060,Suzanne,,Inner Richmond,37.78295025,-122.4738464,Entire home/apt,195,3,65,3/26/2018,2.09,1,311
17301795,Beautiful Modern Inner Richmond SF 2bdr,7179228,Jonathan,,Inner Richmond,37.77777443,-122.4553065,Entire home/apt,299,2,59,4/1/2018,4.5,1,103
17718199,Master Suite w/Private Bath/Sauna ~ Golden Gate,7479539,Igor,,Inner Richmond,37.77729892,-122.4742679,Private room,77,1,62,3/29/2018,5.27,3,135
18157539,Fun 2 Bedroom Entire Apartment Golden Gate Park,7966139,Christian,,Inner Richmond,37.77456202,-122.4595423,Entire home/apt,190,1,28,4/4/2018,2.43,1,0
14963473,Comfortable 4 bedrooms 2 kitchens & 2 parkings,11883320,Kim,,Inner Richmond,37.77980935,-122.4549396,Entire home/apt,850,2,8,3/23/2018,0.53,7,326
6799615,USF family home,11883320,Kim,,Inner Richmond,37.78016672,-122.4547678,Private room,130,3,8,10/5/2017,0.24,7,189
19228919,"Charming House, Easy parking, Washer & Dryer",14542959,Nicole,,Inner Richmond,37.77723325,-122.4481888,Private room,82,30,25,3/15/2018,2.66,1,283
21136811,SF Charm ★ Cozy ★ GG Park ★ Walk Score 91,22718824,Jen,,Inner Richmond,37.77717151,-122.4675684,Private room,126,2,7,4/3/2018,2.53,2,62
20967325,Cozy Home ★ GG Park ★ Walk Score 91,22718824,Jen,,Inner Richmond,37.77582669,-122.4683701,Entire home/apt,225,2,19,1/1/2018,2.91,2,0
6587558,Comfy room surrounded by nature,23551027,James,,Inner Richmond,37.77751436,-122.4568256,Private room,80,30,1,11/13/2015,0.03,1,254
14255278,Charming 2BR Victorian in heart of SF,36140663,Jack,,Inner Richmond,37.77930793,-122.4616057,Entire home/apt,600,3,18,1/11/2018,0.89,1,0
14126923,"Hey, (Hidden by Airbnb) . Turn On the Light",39794956,Maxwell,,Inner Richmond,37.78461438,-122.4716157,Private room,90,1,0,,,2,343
24214217,❤️Smart Private Room ❤️near Golden Gate Bridge,39794956,Maxwell,,Inner Richmond,37.78155494,-122.471522,Private room,120,1,0,,,2,332
10806778,NON-SMOKING  NON-SMOKING    V-Large  2BR Apartment,51089417,Nelson,,Inner Richmond,37.78398029,-122.4622076,Entire home/apt,131,30,8,8/8/2016,0.31,3,148
15927761,"Quiet, large, 2bd/2ba SF home away from home!",52558265,Tim,,Inner Richmond,37.78403234,-122.4751529,Private room,299,3,12,8/4/2017,0.71,2,28
19658833,Master Suite in Classic San Francisco Edwardian,56658434,Cheryl,,Inner Richmond,37.77742821,-122.4701807,Private room,170,3,2,11/9/2017,0.23,3,177
11948102,Newly Renovated Victorian Flat next to GGP,63799333,Lisa,,Inner Richmond,37.77384138,-122.4711021,Entire home/apt,360,7,7,8/13/2017,0.33,1,11
12203307,"Spacious bright and beautiful room! ""D""",65608188,Iz,,Inner Richmond,37.7853368,-122.4629246,Private room,59,30,22,12/15/2017,1.01,5,308
12253994,1904 Victorian Flat House 5br Wifi.,65608188,Iz,,Inner Richmond,37.78485058,-122.4627412,Entire home/apt,249,30,10,12/17/2016,0.42,5,5
19039703,Private unit with 2 bedrooms near Golden Gate Park,67285076,Sandy,,Inner Richmond,37.77376223,-122.4637768,Entire home/apt,169,1,63,3/20/2018,6.26,2,80
14886240,"Private single room, half bath safe neighborhood",74385949,Carmine,,Inner Richmond,37.77746497,-122.4477263,Private room,77,1,81,1/2/2018,4.39,1,0
13319043,Cozy 3BR with Parking in Fantastic Location!,74679017,Victoria,,Inner Richmond,37.77994325,-122.4755262,Entire home/apt,235,2,96,4/2/2018,4.44,1,258
13563865,Family friendly 4 bdrm house by Golden Gate Park,78172368,Alina,,Inner Richmond,37.77624963,-122.4646427,Entire home/apt,795,3,5,11/10/2017,0.24,1,129
14913657,Bea's BnB,83483852,Beatrice,,Inner Richmond,37.77829913,-122.4518245,Private room,149,2,22,3/30/2018,1.21,1,153
16518099,Cozy 1 BD/1BR near GG Park! *Private Entrance*,102257666,Bri,,Inner Richmond,37.77811395,-122.4640097,Private room,100,2,23,4/3/2018,1.49,2,27
20623736,Sunny Private Master Suite,135909237,Larry,,Inner Richmond,37.77932728,-122.4715225,Private room,150,2,14,3/29/2018,2.02,2,328
19949380,Gorgeous Home for 6 Near Golden Gate Park,141391572,Don,,Inner Richmond,37.78092281,-122.4688075,Entire home/apt,225,2,13,3/4/2018,1.55,1,7
20993071,A cozy apartment walking to Golden Gate Park,151109374,Linda,,Inner Richmond,37.77909915,-122.4719967,Entire home/apt,84,1,16,3/21/2018,4.8,1,17
12797906,Spacious 2 Bedroom Flat in Vibrant Inner Sunset,498928,Fanny,,Inner Sunset,37.7589033,-122.4659779,Entire home/apt,140,2,76,4/2/2018,3.35,1,72
124011,Golden Gate Park Family Victorian,617985,Patrick,,Inner Sunset,37.7633399,-122.4694756,Entire home/apt,480,14,7,12/16/2017,0.16,1,128
17269133,Beautiful Inner Sunset Apt w/Ocean Views,1151753,Jaron,,Inner Sunset,37.75979095,-122.4740685,Entire home/apt,152,6,1,11/15/2017,0.21,1,63
1197716,1BR Suite newly remodeled near UCSF,1446786,Jeanne,,Inner Sunset,37.76387083,-122.4608791,Entire home/apt,169,3,207,3/31/2018,3.52,1,115
6464808,"Big Room with Private Bath, Great Views, Parking",1532097,Kimmy,,Inner Sunset,37.7534795,-122.4683482,Private room,99,1,161,3/14/2018,4.6,2,142
21382398,"Gorgeous, 2 Bed Master Retreat w Private Bath!",2146719,Nikki,,Inner Sunset,37.75369319,-122.4741909,Private room,100,1,16,3/30/2018,2.96,3,16
713877,Charming Cole Valley Private Suite,3675617,Stacey,,Inner Sunset,37.76369467,-122.4530373,Entire home/apt,145,1,406,3/22/2018,6.05,1,162
18450146,Private Sunset Studio on the Hill,4624326,Peter,,Inner Sunset,37.75794672,-122.4743656,Entire home/apt,175,2,31,4/1/2018,2.74,1,49
878935,2BR: Family friendly next to GGP!,4645827,Ashley,,Inner Sunset,37.7646449,-122.4678023,Entire home/apt,182,3,197,3/24/2018,3.24,1,182
1023586,"Private room Inner Sunset, UCSF, Golden Gate Park",4670031,Kameh,,Inner Sunset,37.76105156,-122.4631309,Private room,65,1,97,3/29/2018,3.27,3,329
23449023,Room for Two in Close-to-Everything Inner Sunset,6148057,Peter,,Inner Sunset,37.75997769,-122.4734138,Private room,140,1,1,3/22/2018,1,2,36
21558062,Hilltop Hideaway With Parking and Kitchenette,6764564,Andrew,,Inner Sunset,37.75253879,-122.4700017,Entire home/apt,105,2,8,3/31/2018,1.78,1,80
5577516,Beautiful Space with Green views,6875334,Anuranjan,,Inner Sunset,37.75529017,-122.4653348,Entire home/apt,135,1,64,3/18/2018,4.25,1,166
21684684,3BR HOUSE at Haight-Ashbury/Golden Gate Park,7036656,Hanna,,Inner Sunset,37.76423731,-122.4537788,Entire home/apt,280,2,3,1/23/2018,0.68,1,0
7760019,"Bright, Upper 2BD Inner Sunset Flat",11401489,Casey,,Inner Sunset,37.76352807,-122.4701961,Entire home/apt,229,5,33,3/19/2018,1.33,1,12
2238488,Quiet 2BR apartment close to UCSF,11430970,Felix,,Inner Sunset,37.75859383,-122.4682013,Entire home/apt,279,31,40,12/27/2016,0.84,1,95
12725886,*Prime Location - Golden Gate Park*  UCSF,16921530,Debbie,,Inner Sunset,37.76426442,-122.4639309,Private room,105,2,109,4/4/2018,4.72,1,165
4787512,Inner Sunset 3BD Updated Edwardian,24679296,Christiaan,,Inner Sunset,37.76374963,-122.461833,Entire home/apt,275,2,34,2/19/2018,0.93,1,0
14551164,Spectacularly Surprising in the Sunset!,29958359,Diana And Travis,,Inner Sunset,37.75897742,-122.4767088,Private room,50,31,57,3/31/2018,2.99,1,70
22536998,Sunset 4EverHome steps away from Golden Gate Park,34007109,Vicky,,Inner Sunset,37.76002363,-122.4766837,Entire home/apt,230,1,9,3/25/2018,3.97,1,254
23474087,Modern Queen Room in Haight-Ashbury / UCSF,43954646,Lance,,Inner Sunset,37.76511489,-122.4528851,Private room,150,3,4,4/2/2018,4,3,45
11912034,Upper level in Victorian private home by UCSF,56486461,Dorothy,,Inner Sunset,37.76293718,-122.469315,Private room,120,30,17,3/28/2018,2.13,1,340
20443052,Superb condo for rent in the Inner Sunset,103624146,Rosalia,,Inner Sunset,37.75664951,-122.4664934,Entire home/apt,280,2,11,2/7/2018,1.63,1,96
18653408,1BR 1BA PRIVATE MINI APT SUITE WITH  OWN ENTRANCE,129618781,Eileen,,Inner Sunset,37.75987236,-122.4757664,Private room,170,2,16,3/16/2018,1.47,2,152
18771028,Amazing & Bright SF 2Bdrm w/private deck!,130616261,Brian,,Inner Sunset,37.75824446,-122.4738481,Entire home/apt,250,2,18,4/5/2018,1.87,1,197
24183056,Entire modern 4 bedroom guest suite,161356867,Charlie,,Inner Sunset,37.76422098,-122.4563309,Entire home/apt,400,1,0,,,6,37
23824023,"Private, modern and secured room. (Second Floor)",161356867,Charlie,,Inner Sunset,37.76295519,-122.4558328,Private room,90,1,2,3/22/2018,2,6,50
9388018,Private Room with 2 Beds Bulk Wood,7204241,Beau,,Lakeshore,37.70611644,-122.4785802,Private room,89,1,54,3/23/2018,2.07,4,18
23381495,"Connected Suites Ideal for 1-3 Guests, Superhost!",11609628,Isaac,,Lakeshore,37.73315639,-122.491634,Entire home/apt,151,1,5,4/1/2018,4.29,5,253
7086626,"Cozy Suite for 1, Private Full Bath, Private Entry",11609628,Isaac,,Lakeshore,37.73337004,-122.4915951,Private room,78,1,107,3/23/2018,3.22,5,303
21369316,Simple studio w/ bathroom. Great price & location!,54390299,Ellen & Peter,,Lakeshore,37.70737341,-122.4798123,Private room,53,2,3,11/14/2017,0.57,1,0
18347219,Cozy room with a private bath (Daly City near SF),126969967,好好,,Lakeshore,37.70418279,-122.476461,Private room,78,1,52,3/30/2018,4.71,1,102
23671363,Master Suite w/ Ocean Views - Private Bathroom,145405692,Helen,,Lakeshore,37.73412379,-122.4739769,Private room,150,1,4,3/30/2018,4,5,0
23711998,Zen Room with Private Bathroom and Ocean View,145405692,Helen,,Lakeshore,37.73359019,-122.4741395,Private room,100,1,5,4/5/2018,5,5,1
20776036,Sunset City View near SF State and Bart Station 3R,148875631,Carissa,,Lakeshore,37.71603397,-122.4722888,Private room,79,1,20,3/23/2018,3.47,6,299
21358096,"Life in SF, Bunk Bed in a Shared  D4",154519240,Naya,,Lakeshore,37.73253999,-122.4758929,Shared room,45,31,7,3/12/2018,1.58,4,365
1629734,Marina flat in the thick of it all.,528080,Kp,,Marina,37.79693383,-122.429978,Entire home/apt,173,4,7,12/20/2017,0.23,2,48
189894,SF  PRIME MARINA LOCATION RENTAL,916362,Jacqueline,,Marina,37.80317808,-122.4297737,Entire home/apt,150,5,27,1/10/2018,0.4,1,53
1212822,"""DESIGNER  SHOWPLACE  HOME""  in the MARINA",1700823,Jennifer,,Marina,37.80362423,-122.4454731,Entire home/apt,460,2,28,10/20/2017,0.49,4,334
1683892,Perfect Top Floor Condo,8903768,Andy,,Marina,37.80279966,-122.4407822,Entire home/apt,295,3,6,1/15/2018,0.11,1,0
20397022,Designer showplace bright colorful room,1700823,Jennifer,,Marina,37.8038909,-122.444803,Private room,130,2,1,9/15/2017,0.15,4,331
4040760,"Luxury, 2 bathroom apartment",1782343,Kerry,,Marina,37.79885371,-122.4267617,Entire home/apt,249,2,12,1/1/2018,0.57,1,0
582335,4bd/3.5ba in prime SF location. Views and parking.,2867852,Adam,,Marina,37.80177977,-122.4371871,Entire home/apt,1249,4,7,8/8/2016,0.1,1,68
1291092,Gorgeous 3 bd Home in the Marina,3080489,Beth,,Marina,37.80302946,-122.4390626,Entire home/apt,1800,3,7,3/19/2018,0.17,3,350
758815,Beautiful garden apt close to water,3998807,Jacinta,,Marina,37.80508427,-122.4422601,Entire home/apt,200,3,5,12/18/2016,0.11,1,281
8101297,Marina District One Bedroom,4624840,Anthony,,Marina,37.80193533,-122.4401668,Private room,139,2,192,4/4/2018,6.19,1,40
18488036,Modern flat in ultimate location,5532120,Alison,,Marina,37.80410477,-122.4408116,Entire home/apt,315,2,7,3/21/2018,0.65,1,216
2134475,Breakfast with a View Marina room Free Parking,10891326,Sandor Miklos,,Marina,37.79907433,-122.4458447,Private room,129,2,281,4/3/2018,5.54,1,236
10733321,"Spacious, shabby chic spot in the heart of SF!",11616729,Erin,,Marina,37.79792954,-122.436979,Private room,120,1,33,3/19/2018,1.32,1,0
6107258,3 Bed Pac Heights:Free Car ParkingB,20850212,Young,,Marina,37.79781375,-122.4250187,Entire home/apt,209,1,85,3/20/2018,14.17,15,156
4632133,Hotel Pac Hgts King Free Car Park#A,20850212,Young,,Marina,37.79766371,-122.4253356,Entire home/apt,109,1,72,3/11/2018,1.75,15,0
18519411,Luxurious Marina 3Br Apartment,25702663,Joshua,,Marina,37.79806543,-122.4313282,Entire home/apt,800,3,4,11/9/2017,0.38,1,31
10121541,Luxury home with water views!,32582225,John,,Marina,37.808655,-122.438327,Entire home/apt,2595,2,24,12/29/2017,0.89,1,365
8631677,Spectacular Marina Penthouse Waterfront Views...,43422665,Sean,,Marina,37.80722836,-122.4377786,Entire home/apt,849,2,61,4/5/2018,2.06,1,351
8472083,Private In-Law Suite with Bathroom in Marina,44615552,Bina,,Marina,37.80258804,-122.4269525,Private room,160,3,78,3/29/2018,2.63,1,46
22357775,"Gorgeous, Updated 1 Bedroom in Heart of Cow Hollow",47151166,Alex,,Marina,37.79824858,-122.4344406,Entire home/apt,250,1,1,4/1/2018,1,1,10
10576099,Spacious & conveniently located 2br/1ba w/free pkg,54558801,David,,Marina,37.80268011,-122.4288673,Entire home/apt,300,3,7,1/13/2017,0.29,1,0
14179987,Great apt in the Marina! Full Kitchen & Parking!,85893340,Heidi,,Marina,37.80008847,-122.4428673,Entire home/apt,169,1,78,4/5/2018,3.82,1,9
15311575,Spacious Studio in the Marina,97533340,Steph-Paolo,,Marina,37.80284096,-122.4327087,Entire home/apt,170,30,2,5/15/2017,0.11,1,89
20624899,Casa Marina - Quiet Top Floor Marina Condo,133629750,Christiane,,Marina,37.80277518,-122.4394855,Private room,500,1,0,,,1,0
21565941,In-law suite with large backyard/hot tub!,156818277,Jesse,,Marina,37.79844061,-122.4315781,Entire home/apt,225,3,4,3/2/2018,0.8,1,11
21752859,TBD,158465686,Mike,,Marina,37.79899783,-122.4256691,Entire home/apt,950,1,0,,,1,0
8739,"Mission Sunshine, with Private Bath",7149,Ivan & Wendy,,Mission,37.7591889,-122.4223669,Private room,139,1,567,4/2/2018,5.36,2,148
2188976,Private 1BR in Mission Victorian,10135,Jason,,Mission,37.76456493,-122.4138323,Private room,101,1,237,3/14/2018,4.66,5,6
2182851,Spacious 1BR in Mission Victorian,10135,Jason,,Mission,37.76521165,-122.4165293,Private room,105,1,264,3/25/2018,5.16,5,6
8763407,Bunk bed in the Treat Street Clubhouse,23278,Zain And Duncan,,Mission,37.75809651,-122.4138844,Shared room,55,2,133,3/23/2018,4.42,8,48
8763620,Bunk bed in the Treat Street Clubhouse,23278,Zain And Duncan,,Mission,37.75818094,-122.4128755,Shared room,33,30,68,1/14/2018,2.25,8,75
7985260,Rue de la Paix,127367,Annette,,Mission,37.76171459,-122.4220239,Entire home/apt,120,30,2,6/4/2016,0.08,20,280
57676,"Bartlett Gardens: Spacious, bright!",142882,Jessica And Sebouh,,Mission,37.75762489,-122.4193257,Private room,99,2,86,3/22/2018,1.02,4,318
63405,Private Suite in Mission,142882,Jessica And Sebouh,,Mission,37.75399609,-122.4177063,Entire home/apt,125,2,178,3/23/2018,2.09,4,305
13863669,Charming house in the Mission,155839,Austin,,Mission,37.75995514,-122.4241064,Entire home/apt,325,2,43,3/15/2018,2.09,1,8
150347,Cute Private 2Br Apt in the Mission,172182,Brian & Leah,,Mission,37.76202211,-122.4187604,Entire home/apt,179,30,115,10/23/2016,1.4,1,246
7558236,"Luxury 5 Bedroom, Back Yard, Private Parking",194540,Ed,,Mission,37.76080077,-122.4191626,Entire home/apt,1025,3,46,3/22/2018,1.5,1,175
22066724,Sunny Luxury 3/2.5 Home w/Rooftop+Amazing Location,274619,Tory,,Mission,37.76747112,-122.423304,Entire home/apt,479,1,3,1/1/2018,0.91,1,0
63247,Lovely open plan en-suite bed/bath,290120,Anne,,Mission,37.74925779,-122.4139752,Entire home/apt,149,2,252,3/23/2018,2.83,1,315
2702686,Sunny bedroom in lovely Mission flat.,545357,Jenny,,Mission,37.7589048,-122.4091376,Private room,80,1,22,3/28/2018,3.08,2,11
17590102,Sunny Private Room In Top Floor Edwardian,551394,Josh,,Mission,37.76847404,-122.4251584,Private room,125,1,37,4/6/2018,2.94,4,67
17670075,Top Floor Private Room Near Valencia Corridor,551394,Josh,,Mission,37.76921407,-122.4255306,Private room,62,1,47,4/1/2018,3.68,4,51
21047729,Charming Noe Valley 2bd Flat in Amazing Location!,576143,Lindsay,,Mission,37.74826368,-122.4247525,Entire home/apt,204,2,3,12/27/2017,0.55,1,31
15568604,Cozy Furnished Suite in The Mission #10,644937,Jon,,Mission,37.76344969,-122.4209235,Private room,150,1,34,3/31/2018,1.99,1,109
1391982,SF Magestic Victorian with deck,750320,Natacha,,Mission,37.75398126,-122.421712,Entire home/apt,320,7,5,7/17/2017,0.15,1,188
1944564,Splendid Artist Residency,812141,Brian,,Mission,37.76428759,-122.4127554,Entire home/apt,169,3,122,3/29/2018,2.35,1,279
1814061,Modern luxury; Noe Valley pvt flat,820856,Dave,,Mission,37.75110161,-122.4241432,Entire home/apt,155,30,9,2/26/2018,0.17,1,43
3084671,Peace in the Heart of the Mission,858971,Blyth,,Mission,37.75945592,-122.421513,Entire home/apt,295,3,7,11/9/2017,0.15,1,0
5980039,Authentic Mission Victorian House,1097730,Saana & Matt,,Mission,37.75838852,-122.4190451,Entire home/apt,199,5,13,9/3/2017,0.37,2,0
224579,Beautiful luxury house w/ Deck,1168946,Armelle,,Mission,37.75631937,-122.404779,Entire home/apt,145,2,45,4/4/2018,0.56,1,115
625935,Lovely garden studio off Valencia ,1169300,Joe And Anna,,Mission,37.75701828,-122.4212952,Entire home/apt,140,3,185,2/18/2018,2.7,1,125
225205,Private Mission Room Near Valencia,1172942,Chris,,Mission,37.76096715,-122.4231305,Private room,115,2,303,3/15/2018,3.8,1,16
16204265,Explore Valencia Street from a Room in a Serene Condo,1291823,Koncha,,Mission,37.76016174,-122.4192908,Private room,90,1,155,3/25/2018,10.06,3,214
17444930,Private Room/Bath up to 4 ppl w/ Private Entrance,1291823,Koncha,,Mission,37.76121702,-122.4204749,Private room,175,2,7,3/28/2018,0.53,3,2
3105998,Top Floor of Historic Building,1456262,Justin,,Mission,37.75228981,-122.4159339,Entire home/apt,225,3,12,11/26/2017,0.26,2,25
6926901,Victorian in the heart of Mission,1539714,Fred,,Mission,37.75641542,-122.4128513,Entire home/apt,300,2,43,3/23/2018,1.27,2,22
12582732,Spacious & Sunny w/ Guest Bathroom,1556091,Barb,,Mission,37.76066853,-122.4212199,Private room,160,2,45,3/25/2018,1.91,2,64
1499630,The Yellow Vic – Yay Mission!,1574663,Val,,Mission,37.74994308,-122.4164356,Entire home/apt,300,5,14,8/11/2017,0.25,2,56
317951,Woodward Garden Suite,1631892,Roberto,,Mission,37.76670126,-122.4199205,Entire home/apt,150,2,10,10/31/2016,0.2,1,96
17626598,"Large, modern and sunny condo in the hip Mission.",1782540,John,,Mission,37.75905602,-122.4090583,Entire home/apt,300,3,4,9/3/2017,0.44,1,0
10767017,Spacious apartment in Mission Dolores,1889323,Nick,,Mission,37.76235785,-122.4238459,Entire home/apt,575,2,30,3/30/2018,1.15,1,261
377569,Cozy room with loft bed in the Mission,1897399,Alessandra,,Mission,37.75131194,-122.4079456,Private room,70,3,75,3/22/2018,1.05,1,210
4558566,Charming Mission Victorian 3bd/2ba,1937186,Omar,,Mission,37.74932935,-122.4107925,Entire home/apt,300,3,34,1/8/2018,0.85,2,126
1954708,Garden Flat In The Historic Mission,1984069,Eve,,Mission,37.75151848,-122.410513,Entire home/apt,195,2,60,2/17/2018,1.16,1,95
420160,LOVELY SUNNY BEDROOM with PRIVATE BATH,2089429,Serena,,Mission,37.76317552,-122.4070776,Private room,99,3,111,3/31/2018,1.55,1,175
3079665,"Modern, Spacious, Prime Location ☃",2238981,Lenza,,Mission,37.76058002,-122.4254066,Private room,250,30,36,10/12/2017,0.77,2,90
13686891,"Cute, cozy Mission District backyard cottage",2268509,Chantelle,,Mission,37.75806252,-122.4079352,Entire home/apt,150,3,26,3/23/2018,1.25,1,58
17237462,Bass Guitar Room,2283942,Leon,,Mission,37.75113789,-122.4078503,Private room,69,1,9,1/2/2018,0.67,3,190
544447,Potrero Hill Home - Sweet Back Yard,2677490,Garrett,,Mission,37.75742182,-122.4037552,Entire home/apt,230,4,6,8/17/2017,0.09,2,0
560440,Mission 2 bdrm - kid friendly,2756026,Mel,,Mission,37.76050137,-122.4231686,Entire home/apt,220,7,8,8/20/2017,0.13,1,112
23689888,Sun-drenched room & balcony in upscale Mission apt,2949919,Jesse,,Mission,37.76740127,-122.4224543,Private room,140,2,3,3/30/2018,3,2,49
10040637,The Mission B&B,3334443,Jeremy & Alison,,Mission,37.75318835,-122.4150925,Private room,133,3,50,3/25/2018,1.9,2,0
662754,"LG SUNNY 2BRDM VICTORIAN, + VIEWS!!",3347282,Josh,,Mission,37.75458119,-122.4097509,Entire home/apt,268,3,19,10/18/2014,0.28,3,0
12954602,Unique industrial feel in Mission,3384322,Gianmatteo,,Mission,37.74971414,-122.4162278,Private room,150,2,49,3/25/2018,2.13,2,20
12964066,Unique Industrial Feel in The Mission,3384322,Gianmatteo,,Mission,37.75010638,-122.4168012,Private room,160,2,26,3/28/2018,1.13,2,25
680288,Cozy Mission Garden Rooms,3463569,Ken,,Mission,37.75192025,-122.4136513,Entire home/apt,150,2,202,3/28/2018,2.99,1,254
16178751,"Private, Quiet Apartment in Heart of the Mission",3470491,Andrew,,Mission,37.75913346,-122.4196755,Entire home/apt,185,2,18,3/25/2018,1.21,1,2
15643873,MISSION LOFT - Daily Rental / Private Event Space,3485395,Michael,,Mission,37.76002177,-122.4198108,Entire home/apt,575,1,43,3/15/2018,2.55,2,50
1301798,Spacious Mission Room Near BART,3713398,Yong,,Mission,37.76907821,-122.4203199,Private room,89,3,74,3/16/2018,1.28,2,43
3250486,Private room in Garden Apt.,3761768,Christian,,Mission,37.76448974,-122.4245924,Private room,138,5,51,3/9/2018,1.1,2,2
752607,MIssion Charmer in Foodie Paradise - 3bd/1ba,3958328,Lily,,Mission,37.76410964,-122.4215872,Entire home/apt,299,3,234,3/24/2018,3.56,1,146
1005642,☞ Walk + Bike + Transit Score 97+ ☜,4085271,Jan,,Mission,37.76202152,-122.4233468,Private room,115,2,214,4/2/2018,3.54,2,19
867499,1Bdr ideal for Business Travel (Airbnb SUPERHOST),4346130,Shannon,,Mission,37.77140004,-122.4232841,Private room,150,3,15,3/23/2018,0.33,2,50
22998690,"Inner Mission bedroom with skylights, private deck",4549697,Lu,,Mission,37.75780922,-122.4237049,Private room,100,1,2,3/31/2018,2,2,0
1203062,2 BR in the heart of the Mission!,4549697,Lu,,Mission,37.75598698,-122.4221984,Entire home/apt,225,3,20,2/19/2018,0.35,2,26
3716504,Latin Style in the Mish #3-Classic 1906 Victorian,4843181,Nancy,,Mission,37.74913666,-122.4187819,Private room,95,5,64,3/27/2018,1.43,3,325
16352294,Spacious Mission Victorian with 3br/ 2ba,5400914,Bar,,Mission,37.75040546,-122.4110787,Entire home/apt,250,4,8,1/12/2018,0.6,4,17
1940496,Mission designer room w/ private bath,5400914,Bar,,Mission,37.74865986,-122.4111921,Private room,100,2,50,2/22/2018,3.42,4,3
18974834,Beautiful Modern Victorian in Mission Gulch,5612153,Dav,,Mission,37.75682534,-122.4071724,Entire home/apt,450,2,2,2/18/2018,0.69,1,17
1117756,San Francisco Mission Hideout,6135190,Judith,,Mission,37.7505213,-122.4073568,Private room,113,2,378,4/3/2018,6.36,1,305
1135632,Sunny quiet room with roof deck,6229756,Sharna,,Mission,37.75775906,-122.4114386,Private room,150,3,29,9/18/2016,0.49,2,252
8907289,2-Room Suite in Vibrant Mission,6664188,Lindy,,Mission,37.75267808,-122.4075329,Private room,134,1,161,3/23/2018,5.69,2,36
1774026,"The top of Liberty Hill, near BART",7197110,Cedric,,Mission,37.75564583,-122.4241035,Entire home/apt,418,3,63,3/30/2018,1.16,1,85
1333047,Spacious & Private Mission Loft with Sunny Balcony,7231087,Graham,,Mission,37.74993523,-122.4145209,Private room,119,1,210,3/17/2018,5.57,4,230
19553430,Rare Mission Victorian Oasis Flat,7281723,Shawna,,Mission,37.75797215,-122.4172668,Entire home/apt,200,4,0,,,3,0
4297539,Tranquil Mission Studio with Patio,7281723,Shawna,,Mission,37.75649112,-122.4185156,Entire home/apt,185,2,174,4/2/2018,4.09,3,2
1356129,Private Garden Room in Victorian Home!,7361147,Noah,,Mission,37.75083547,-122.4234114,Entire home/apt,145,2,206,4/5/2018,3.78,1,14
24162068,Balmy Alley House,7426517,John,,Mission,37.75069465,-122.4128534,Entire home/apt,450,3,0,,,3,0
24162999,Balmy Alley private room and bath,7426517,John,,Mission,37.75148583,-122.4121579,Private room,125,1,0,,,3,3
18850359,Sunny Family Home in the Mission District,7607544,Matt,,Mission,37.75538826,-122.4095531,Entire home/apt,250,4,10,2/23/2018,1.13,1,2
1970257,Classic Edwardian home w/ lovely garden in Mission,7649665,Eoin & Susie,,Mission,37.75114043,-122.4078588,Entire home/apt,160,6,25,12/28/2017,0.74,2,2
2557977,"Mission Luxury, Stunning Backyard, Walk Score 94",7649665,Eoin & Susie,,Mission,37.74991628,-122.4082173,Private room,105,3,119,4/2/2018,2.97,2,7
1493659,Private room/bath in the Mission,7983455,Julie,,Mission,37.75101633,-122.4119259,Private room,96,1,116,3/30/2018,3.52,1,58
4275896,Hip Sunny Mission Victorian- Cozy Private Bed/Bath,8121456,Antonio,,Mission,37.75057307,-122.4172257,Private room,95,2,181,3/29/2018,5.36,1,215
8805264,Quiet Mission room with private bath & fast WiFi,8172325,Raphael,,Mission,37.75893796,-122.419015,Private room,170,3,87,3/24/2018,3.19,1,312
1623609,Private suite - in vibrant Mission,8633891,Ingrid,,Mission,37.75942336,-122.4075424,Private room,155,3,164,3/22/2018,3.04,1,189
13588571,Modern Mission Condo with Private Yard,8911082,Kimberly,,Mission,37.76082631,-122.4201035,Entire home/apt,250,3,19,3/22/2018,0.91,1,37
22705767,"Quiet, private sanctuary in great Mission 'hood!",9130610,Mark,,Mission,37.75725143,-122.4092992,Private room,125,3,3,3/11/2018,1.2,2,15
1892956,"Cozy Room for One or Two, Great Neighborhood",9838978,Connie,,Mission,37.75446376,-122.4224758,Private room,75,4,73,3/21/2018,1.45,3,31
2188561,Entire Sunny 3bd Victorian House,11159971,Nina,,Mission,37.76120327,-122.4073464,Entire home/apt,449,4,15,1/4/2018,0.29,1,0
2944266,Beautiful 2bd/2ba Mission Apt + Parking,11701903,Tara,,Mission,37.756492,-122.4102547,Entire home/apt,225,2,9,3/30/2018,1.49,1,1
14759973,Beautiful and Large Mission Oasis,12654522,Shaelyn,,Mission,37.75834051,-122.4114316,Entire home/apt,310,2,12,10/14/2017,0.64,1,0
7217193,Mission Dolores Garden Getaway,13639065,Stephanie,,Mission,37.76221601,-122.4233222,Entire home/apt,240,2,91,4/5/2018,2.89,1,7
6119683,Suite in the middle of it all,15490809,Dino,,Mission,37.76181574,-122.4214326,Private room,199,4,100,3/23/2018,3.06,1,72
4277696,Private Room for Business Traveler (Superhost),15673074,Brian,,Mission,37.77069713,-122.4237558,Private room,175,1,14,2/8/2018,0.37,2,71
3081560,"Spacious, modern, Victorian Suite",15680647,Amy,,Mission,37.75363799,-122.4215408,Private room,150,2,131,1/11/2018,3.08,1,218
3344631,Mission 2 Bdrm 1890 Victorian Quiet & Lovely St,15726799,Kyle & Marc,,Mission,37.7515348,-122.4178214,Entire home/apt,130,30,132,3/10/2018,2.86,1,49
16737908,Guest Bedroom in Mission District Luxury Condo,16543169,Donna And Doug,,Mission,37.76200238,-122.4205167,Private room,185,4,8,1/12/2018,0.92,1,175
3391368,Magic Mission Garden Studio ,17110263,Kat,,Mission,37.75481647,-122.4049841,Entire home/apt,125,4,100,3/19/2018,2.26,1,52
6713990,Comfortable Artistic Condo,18818082,Antigone,,Mission,37.7668503,-122.4236838,Entire home/apt,160,7,5,7/21/2017,0.15,2,17
23978133,Private Bedroom & Bathroom 2 min from BART,18835179,Muna,,Mission,37.76474767,-122.4227537,Private room,125,1,1,3/28/2018,1,2,53
3812931,Chic Urban Oasis - fireplace & view,19604086,Carter,,Mission,37.75470021,-122.4030342,Entire home/apt,134,30,97,3/10/2018,2.18,1,282
3863281,New Modern 2k sq ft Home in Mission,19937219,Rick,,Mission,37.75726619,-122.4187323,Entire home/apt,450,2,187,4/1/2018,4.23,1,22
7998215,Pretty & Relaxing Bedroom with Bathroom,21235706,Stephanie & Tom,,Mission,37.75054282,-122.4165585,Private room,173,1,86,3/24/2018,2.7,2,11
4616596,Hot Tub! Modern Garden Studio in Mission Victorian,21499033,Jennifer,,Mission,37.7497349,-122.4148544,Entire home/apt,195,5,44,3/7/2018,1.08,1,0
21310005,Sunny Ensuite Bed & Bath w/ Private Entry,23352107,Vince,,Mission,37.76607044,-122.425275,Private room,140,3,5,4/2/2018,5,1,95
10835661,Remodelled Victorian Bldg  in Sunny Mission Dist.,24776510,John,,Mission,37.77002749,-122.4235513,Entire home/apt,270,30,4,3/9/2018,0.15,1,70
7933407,2 BR Upper Level Flat in the Mission!,25133816,Avram,,Mission,37.76462392,-122.4067516,Entire home/apt,225,2,46,4/2/2018,1.5,1,22
6514826,Dolores Park Edwardian charmer,27061527,Shelagh,,Mission,37.76282751,-122.4254705,Entire home/apt,250,3,45,9/10/2017,1.38,1,40
5394755,"Private Room, Large House Mission",27964266,Dominic,,Mission,37.75870167,-122.42124,Private room,89,3,107,4/3/2018,3.42,3,180
6924208,Large Victorian Home in Mission,29739760,Jenny,,Mission,37.75315747,-122.4051128,Entire home/apt,195,3,8,8/23/2016,0.24,1,98
6915497,Lovely 3BR Mission Home with Garden,36237660,Rebecca,,Mission,37.75338256,-122.4063336,Entire home/apt,400,3,35,8/15/2017,1.08,1,37
16256385,Treat Suite,46740514,Freddi,,Mission,37.75282381,-122.4130389,Entire home/apt,165,2,74,3/2/2018,4.74,1,23
11259062,Tiny Urban Cottage,58762070,Marci,,Mission,37.75239754,-122.4244804,Entire home/apt,159,1,90,4/1/2018,4.31,2,277
11270998,SUMMER SPECIAL - Bright Modern 2BR in the Mission,58846673,Cecile,,Mission,37.76230391,-122.4081342,Entire home/apt,199,30,47,8/27/2017,1.82,1,95
18778262,Mission hideaway. Close to Dolores!,68568351,Aaron,,Mission,37.761454,-122.4222667,Private room,89,3,24,3/29/2018,2.22,1,0
13585679,Sunny and Modern Apartment in the Mission District,78443561,Cynthia,,Mission,37.75321807,-122.4138641,Entire home/apt,160,3,69,3/31/2018,3.4,1,243
14520477,1 bedroom apartment,89723114,Jacob,,Mission,37.7545432,-122.4036303,Entire home/apt,100,30,48,2/1/2018,2.43,1,0
21951451,"Sunny 3br/2ba Mission Flat: Roof Deck, Yard",111795465,Tom,,Mission,37.75577115,-122.4145188,Entire home/apt,395,4,7,4/1/2018,2.12,1,78
16898265,NEW 3 Bedroom Victorian in the Mission.,112764363,Lulu,,Mission,37.75016336,-122.4118471,Entire home/apt,315,3,41,4/1/2018,2.91,1,42
23705069,CHARMING  2 BEDS PRIVATE ROOM IN HOT MISSION,150288710,Murat,,Mission,37.75070435,-122.4094779,Private room,120,2,0,,,4,110
23726224,Small cozy room in desirable Inner Mission,150288710,Murat,,Mission,37.74950292,-122.4084935,Private room,90,2,4,4/6/2018,4,4,47
23683696,Private Garden Apt in Mission Dist!,153797883,Phyllis,,Mission,37.76475737,-122.4215723,Entire home/apt,199,2,1,3/23/2018,1,2,47
21645603,"Quiet, Spacious, Sunny Home-Share in Mission Dist",153797883,Phyllis,,Mission,37.76285336,-122.4206719,Entire home/apt,349,2,13,3/21/2018,3.28,2,133
21282133,Stay in the Heart of The Mission!,153975451,Lorenzo,,Mission,37.75475352,-122.4084289,Private room,74,2,8,3/27/2018,2.18,1,16
21490285,Modern Escape with Parking & Yard,156115757,Alice,,Mission,37.755648,-122.4112189,Entire home/apt,175,2,1,12/30/2017,0.31,1,0
23128402,Spacious Pied-à-Terre in SF's Mission District!,171872325,Irene And Kendall,,Mission,37.75250299,-122.4108171,Entire home/apt,220,2,7,3/28/2018,5.12,1,53
23947555,Brand New Patio Unit with Full Kitchen and Bath!,180061421,Folsom,,Mission,37.75157083,-122.4128272,Entire home/apt,139,3,0,,,1,59
589767,Beautiful Nob Hill Apartment with Garage Parking,1692184,Joe & Katrina,,Nob Hill,37.79648079,-122.4117958,Entire home/apt,295,4,9,3/24/2018,0.15,1,332
16944002,"Nob Hill poolside sanctuary, 24-hour doorman",2414700,Phil,,Nob Hill,37.79050333,-122.4132634,Entire home/apt,107,2,13,3/29/2018,2.53,1,200
1627259,BEST views + reviews! 5/5 stars*****,2682061,Jose,,Nob Hill,37.79672799,-122.4119063,Private room,166,30,38,9/3/2017,0.77,4,299
1956414,1Bd 1Ba Cozy Suite,3481594,Lisa-Marie,,Nob Hill,37.79012451,-122.4133088,Private room,350,3,5,4/4/2018,0.11,1,3
6338562,Private Floor 3-Level New Townhome!,3840687,Chris,,Nob Hill,37.7925631,-122.4213503,Private room,200,140,2,9/18/2015,0.06,1,365
6732541,"Panoramic Views, Central Location & Parking",4346095,Ava,,Nob Hill,37.79680839,-122.4126351,Entire home/apt,199,6,21,3/4/2018,0.62,4,251
7989636,Top floor - Private bath & free parking,5471226,Lindy,,Nob Hill,37.79616579,-122.4123604,Private room,138,3,231,3/31/2018,7.24,1,85
1484149,Summer in SF -top LOCATION and more,7940322,Ale,,Nob Hill,37.79160071,-122.4190834,Entire home/apt,120,4,95,12/30/2017,1.68,1,117
4968468,"Stunning Sunny 2BR w Patio, Roof Deck",14375093,Bonnie,,Nob Hill,37.79456201,-122.4098169,Entire home/apt,350,2,18,3/25/2018,1.08,1,24
4045632,Room with a Cable car view,20130105,Clark,,Nob Hill,37.79495196,-122.412198,Private room,95,1,252,3/22/2018,5.77,3,86
4037590,NobHill Penthouse-Top View&Location,20871995,Randy,,Nob Hill,37.79706916,-122.4105066,Entire home/apt,9000,30,2,9/22/2016,0.08,1,89
10615018,New apartment in prime spot!,21449569,Amanda,,Nob Hill,37.79497418,-122.4159208,Private room,129,3,36,3/30/2018,1.37,1,63
4226825,*World-Class-Views*Your Own Patio!!!,21936134,Venice,,Nob Hill,37.79531701,-122.4122286,Entire home/apt,198,2,50,4/1/2018,1.18,1,45
5005798,Nob Hill cozy single Bedroom #4,23719876,Yumi,,Nob Hill,37.790403,-122.4196877,Private room,100,30,13,2/28/2018,0.36,3,256
24247178,LUXURY RESORT - San Francisco - Wyndham Canterbury,26482762,ResortShare1,,Nob Hill,37.79403542,-122.4222269,Entire home/apt,234,2,0,,,17,320
21974808,Upscale Private Ensuite Bed & Bath in Nob Hill,27368404,Eddie,,Nob Hill,37.7948395,-122.410617,Private room,1000,2,23,3/30/2018,5.7,4,182
6993593,A Victorian Beauty on Nob Hill in San Francisco Ca,36668744,John,,Nob Hill,37.79569442,-122.417082,Private room,98,30,126,3/18/2018,3.73,2,90
7220035,Secret Street in the Center of the City,37797558,Mija,,Nob Hill,37.79429202,-122.415572,Entire home/apt,140,2,75,3/23/2018,2.64,1,49
8612967,Gorgeous & Modern Nob Hill Flat,45309463,Laurie,,Nob Hill,37.79551651,-122.4106498,Entire home/apt,499,1,25,11/19/2017,0.88,1,86
11969257,Best Location Near Union Square,63940749,Nisha,,Nob Hill,37.79036285,-122.4145048,Entire home/apt,300,30,0,,,2,0
13943674,"Union Square, Lower Nob Hill Studio - heart of SF!",82964671,Daryüsch,,Nob Hill,37.78925625,-122.4159843,Entire home/apt,139,31,14,11/8/2017,0.67,1,0
21790309,"~NEW~Bright, Private Bedroom in Lower Nob Hill Apt",136406874,Alice,,Nob Hill,37.78944771,-122.4148831,Private room,99,1,37,3/31/2018,9.82,2,318
20936549,**New Nob Hill Private Room w/ En Suite Bath #4,136470616,Jessica,,Nob Hill,37.7914909,-122.4125023,Private room,69,1,28,3/6/2018,6,5,260
20936796,* New Nob Hill Private Bedroom w/ en suite bath #5,136470616,Jessica,,Nob Hill,37.79012066,-122.4122997,Private room,69,1,42,3/18/2018,10,5,250
20155822,Charming 1 BR in the Heart of Nob Hill,143421880,John & Andrea,,Nob Hill,37.79434299,-122.4129673,Entire home/apt,150,30,14,2/17/2018,2.14,1,58
23090574,New & Modern in the heart of the city,171488079,Sal,,Nob Hill,37.79083998,-122.4145368,Entire home/apt,195,3,7,4/1/2018,5.68,1,207
4907924,Beautiful Victorian: Bed/Bath,96655,Maryam,,Noe Valley,37.75272934,-122.4411298,Private room,125,30,42,12/28/2017,1.07,2,302
25094,San Francisco's Luxury Oasis On Noe,103339,Bruce,,Noe Valley,37.74187613,-122.4312154,Private room,150,5,11,11/8/2017,0.5,1,328
87640,Comfy Garden Guest,479857,Karin,,Noe Valley,37.74549597,-122.4289845,Private room,115,2,287,4/5/2018,3.38,1,106
6335352,Modern victorian with succulent backyard (3bd),580236,Vladislav,,Noe Valley,37.75341281,-122.4403329,Entire home/apt,375,3,41,3/23/2018,1.25,1,293
12156553,Charming Victorian Apartment,1154836,Ginger,,Noe Valley,37.75136078,-122.4293715,Entire home/apt,201,30,5,2/9/2017,0.22,2,360
14745298,Spacious Noe Valley Studio w/parking,909879,Naomi,,Noe Valley,37.74863518,-122.4366015,Entire home/apt,200,2,78,3/26/2018,4.26,1,198
2519809,Welcoming 1 bedroom garden flat.,940484,Susannah,,Noe Valley,37.75227649,-122.4372994,Entire home/apt,190,2,44,3/30/2018,1,1,19
1177310,"Garden Cottage, 1br/1ba, yard, W/D",1235481,Michael,,Noe Valley,37.74253742,-122.4268469,Entire home/apt,219,3,56,3/24/2018,0.98,1,222
21923195,The Oasis: Mid Century Noe Valley VIEW Suite+Deck,1444847,James,,Noe Valley,37.74881793,-122.443458,Entire home/apt,175,2,11,4/5/2018,3.84,1,128
350391,"Spectacular View Penthouse, Private Ensuite Bath",1781314,James,,Noe Valley,37.74603493,-122.4371463,Private room,175,2,131,4/6/2018,1.76,1,296
13603043,"Eco, Tidy & Quiet Designer Suite / Noe Valley",2019781,Shal,,Noe Valley,37.75388119,-122.4322871,Entire home/apt,235,3,53,3/23/2018,2.44,1,138
515260,Beautiful Noe Valley Edwardian flat,2537525,Janice,,Noe Valley,37.74395439,-122.4325251,Entire home/apt,240,2,3,1/30/2018,0.06,1,137
585225,Hip Light-Filled Studio w Views,2774967,Gabriel,,Noe Valley,37.74555308,-122.4338365,Entire home/apt,99,2,421,3/24/2018,6.07,1,180
576018,Spacious Noe Valley Victorian,2833313,Marianne & Bill,,Noe Valley,37.75362677,-122.4313756,Entire home/apt,1000,2,9,11/9/2017,0.43,1,72
21399171,"New! Private ensuite, loft ceilings, heated floors",2863556,Tommy,,Noe Valley,37.75142677,-122.4394517,Entire home/apt,199,1,9,3/26/2018,3.51,1,231
21136997,Charming room in Glen Park/Noe Valley Home,2938311,Lisa,,Noe Valley,37.74217249,-122.429095,Private room,90,2,10,3/30/2018,2.07,1,25
6748645,Sunny Art-filled Noe Valley Views!,3109494,Peggy,,Noe Valley,37.75547853,-122.4294132,Entire home/apt,350,3,36,3/20/2018,1.1,1,260
644948,Victorian in Cool Neighborhood,3228078,Marla,,Noe Valley,37.75310613,-122.4267318,Private room,100,1,143,3/25/2018,2.09,3,194
10523988,"Bright, Colorful and Cozy Room in Noe Valley",5576792,Erica,,Noe Valley,37.74325149,-122.430456,Private room,75,3,8,4/1/2018,1.31,1,42
18464444,Chez Sanchez,7012008,Judith,,Noe Valley,37.7486802,-122.4284336,Entire home/apt,250,6,18,3/19/2018,2.19,1,24
18374124,"Noe Family Hideaway with Views, Deck, Yard",7557651,Maya,,Noe Valley,37.75044737,-122.4422745,Entire home/apt,250,2,6,2/24/2018,0.81,2,37
1438864,Noe Valley,7728783,Cynthia,,Noe Valley,37.74703281,-122.4349448,Private room,274,3,75,10/7/2016,1.32,2,70
1612702,Fanciful Fortress in Noe Valley,8585109,Thea,,Noe Valley,37.74764153,-122.4416893,Private room,112,30,190,3/23/2018,3.42,2,168
14802259,"Noe/Castro Flat - Parking, Spa Bath",9129703,Kathy,,Noe Valley,37.7533226,-122.435453,Entire home/apt,199,3,69,12/3/2017,3.78,1,0
3563261,Charming Noe Valley Flat w/ Terrace,9699999,Will,,Noe Valley,37.75374497,-122.426786,Entire home/apt,185,30,54,1/17/2018,1.23,1,332
1898486,Private Cottage in Noe Valley,9861752,Ed,,Noe Valley,37.74449682,-122.4271797,Entire home/apt,245,30,96,2/24/2018,1.82,1,4
2404647,Room with a View in Noe Valley,10573209,Audrey,,Noe Valley,37.7480203,-122.4352134,Private room,89,30,11,10/20/2017,0.23,1,89
2486953,1906 Victorian in Noe Valley!,12726391,Vincent,,Noe Valley,37.75338189,-122.435916,Entire home/apt,279,3,78,3/16/2018,1.65,1,338
2539953,"Unique home. SF, Noe Valley",13005900,Olivier And Alexandra,,Noe Valley,37.74256056,-122.4340572,Entire home/apt,650,3,89,4/1/2018,1.84,3,236
8482762,Unique room in a Noe Valley house.,13005900,Olivier And Alexandra,,Noe Valley,37.74951642,-122.4363932,Private room,95,3,1,9/25/2015,0.03,3,0
14540002,Charming Noe Valley garden view,16854419,Zack,,Noe Valley,37.74711811,-122.4252272,Private room,119,6,26,3/6/2018,1.31,2,62
20386464,Close to everything with a garden oasis,17506355,Won Chan (원찬),,Noe Valley,37.74965861,-122.4329788,Entire home/apt,295,2,7,3/22/2018,1.14,3,130
4463263,Beautiful Noe Vly. Victorian 3 Bdrm,18151037,Valerie,,Noe Valley,37.75375192,-122.4370895,Private room,390,3,50,11/19/2017,1.26,9,215
21938068,1900 Edwardian: Twin Peaks View+Cozy Qn.,18151037,Valerie,,Noe Valley,37.75202563,-122.4352699,Private room,160,2,0,,,9,216
13637547,Location! Mission/Noe/Castro - WALK to everything!,19364597,Myra,,Noe Valley,37.75634779,-122.4266932,Entire home/apt,109,3,43,3/29/2018,2.42,1,43
4532551,Private Noe Valley Guest Suite,23500389,Donna,,Noe Valley,37.75222671,-122.428562,Entire home/apt,269,3,104,1/1/2018,2.58,1,232
8053292,Charming 1BR/1BA Noe Valley Apt,27785687,Naheed,,Noe Valley,37.7514367,-122.4427369,Entire home/apt,145,30,54,3/1/2017,1.7,1,248
13654352,Noe Valley Hidden Treasure,33371014,Ginny,,Noe Valley,37.75103616,-122.4391219,Entire home/apt,350,2,3,10/7/2016,0.15,1,0
6864929,Newly Renovated in Noe Valley,35710779,Becky,,Noe Valley,37.74576386,-122.4265036,Entire home/apt,710,7,0,,,1,91
10599384,Walkers' Paradise in Noe Valley UPR,36763152,Alex,,Noe Valley,37.75064512,-122.4287301,Private room,95,30,10,12/9/2017,0.41,2,244
7012313,Walkers' Paradise in Noe Valley LWR,36763152,Alex,,Noe Valley,37.75072854,-122.4264692,Private room,93,30,10,11/8/2017,0.31,2,277
8101619,"Private, Garage, Deck, sleeps 6",41101439,Meghna,,Noe Valley,37.74551885,-122.4349934,Entire home/apt,250,1,24,11/9/2017,0.77,1,16
8005452,Noe Valley 2 BR top floor Victorian,42265555,Eugene,,Noe Valley,37.75113868,-122.4323261,Entire home/apt,295,30,42,11/26/2017,1.37,1,230
9435665,Sunny Corner Noe Valley Victorian,48905746,Maria,,Noe Valley,37.74687268,-122.4283969,Private room,85,1,215,3/19/2018,7.51,4,69
12026856,Private Room in Spacious Victorian,48905746,Maria,,Noe Valley,37.74538811,-122.4304595,Private room,72,1,205,3/23/2018,8.4,4,150
12987777,NEW Work /Play At North Beach for 4,331559,Sharon,,North Beach,37.80507588,-122.4077516,Entire home/apt,175,30,41,1/2/2017,1.79,1,0
115242,Tel Hill-1 Bdr (+sep Queen bed alcove) & Parking,582450,Dawn,,North Beach,37.80591172,-122.4082989,Entire home/apt,275,30,3,10/31/2016,0.04,1,181
21026071,Luxurious Room in North Beach Flat,2032250,Brian & Sara,,North Beach,37.80543855,-122.4127687,Private room,125,1,12,4/4/2018,2.02,2,29
644091,Expansive Bay View Condo,3168113,Lee,,North Beach,37.80329164,-122.407077,Entire home/apt,325,3,22,3/16/2018,0.33,1,168
657121,Luxury View-Home near Pier 39/Fisherman's Wharf,3311246,Trevor,,North Beach,37.80264458,-122.4104635,Entire home/apt,799,3,98,4/5/2018,1.45,1,246
1574848,Amazing Views - Priv Room,4106299,Henna,,North Beach,37.80145896,-122.4038798,Private room,150,1,23,12/16/2017,0.6,2,324
17892026,Beautiful 1BR Apartment in North Beach.,8870869,Dave,,North Beach,37.80237792,-122.4071761,Entire home/apt,429,3,15,3/26/2018,1.4,2,251
15194176,SHARED Room Crypto Community Experience Bed C,12176788,Jean-Loïck & Louis,,North Beach,37.80155754,-122.4100754,Private room,80,31,6,10/1/2017,0.33,3,280
16497229,Calming Blue Room near the Wharf,19584367,Elisa,,North Beach,37.80486904,-122.4137725,Private room,67,30,68,1/11/2018,4.43,3,244
23685822,Cozy 2 Twin Beds Hotel/ Shared Bath Victoria Hotel,20870285,San Remo,,North Beach,37.80507636,-122.4147778,Private room,129,1,1,3/9/2018,1,3,98
21597079,Open Bright 2 Bed/2 Bath: Near FiDi and Pier 39,21520407,Neal & Illina,,North Beach,37.804779,-122.4030178,Entire home/apt,350,3,3,1/1/2018,0.68,2,12
11297447,Dbl Bed In a Shared Dorm @SF Hostel,22931450,Sarah,,North Beach,37.79849182,-122.4040734,Shared room,69,1,73,2/21/2018,2.82,22,235
4464347,Dorm Beds at Social SF Hostel #1,22931450,Sarah,,North Beach,37.79891369,-122.4061133,Shared room,38,1,189,3/13/2018,4.57,22,210
4430996,Private Room @Fun & Social Hostel#2,22931450,Sarah,,North Beach,37.79874763,-122.4054396,Private room,95,1,43,2/1/2018,1.05,22,229
4417901,Private Room @Fun & Social Hostel#1,22931450,Sarah,,North Beach,37.79928797,-122.4062968,Private room,95,1,109,2/16/2018,2.62,22,236
4902444,Dorm Beds @ Social SF Hostel #9,22931450,Sarah,,North Beach,37.79845076,-122.4044535,Shared room,38,1,138,4/1/2018,3.61,22,203
5272750,Triple Room @ Fun & Social Hostel#1,22931450,Sarah,,North Beach,37.79873501,-122.404283,Private room,99,1,104,3/17/2018,2.77,22,190
8524982,Private in-law suite + Roofdeck & Views! N. Beach,28784940,Shane & Shaudi,,North Beach,37.80301726,-122.4102498,Private room,175,3,158,4/2/2018,5.29,1,40
12050886,3 Bd Newly Renovated Flat,63940749,Nisha,,North Beach,37.7994046,-122.4073993,Entire home/apt,275,30,1,4/14/2016,0.04,2,0
16587632,Lovely Telegraph Hill 1 br offered monthly,107141420,Thomas,,North Beach,37.79983496,-122.4039383,Entire home/apt,189,30,0,,,1,124
20980071,Charming 1BR in North Waterfront  (North Beach),150974175,Raj,,North Beach,37.8045641,-122.4128857,Entire home/apt,275,3,3,3/9/2018,1.02,1,164
2093695,Light filled Garden Private room,26952,Jennifer,,Ocean View,37.72218448,-122.4701204,Private room,65,30,47,12/17/2017,0.92,2,222
20157395,"Clean, comfortable room w/ free parking",119235,Traci,,Ocean View,37.71180205,-122.4581176,Private room,99,2,20,3/25/2018,2.52,1,68
2119773,"Comfort, Clean, Classy, Convenient",2501567,Bret & Marie,,Ocean View,37.71846885,-122.4518128,Entire home/apt,130,1,233,3/13/2018,4.56,2,249
21681278,Modern San Francisco Edwardian Charm,4944346,Lorraine,,Ocean View,37.71649797,-122.4591439,Private room,75,3,0,,,1,62
2594696,"1 bedroom apt, walk to BART, CCSF",9080666,Sandy,,Ocean View,37.72043635,-122.449927,Entire home/apt,79,30,11,8/21/2017,0.25,9,265
13443665,Suite Retreat 2 Bdrm Home Near Transit Sleeps 5!,10786181,Deborah,,Ocean View,37.71914332,-122.4512764,Entire home/apt,162,30,53,2/10/2018,2.5,3,145
3896093,Bedroom with 2 bed and private bathroom,10920797,Jimmy,,Ocean View,37.71717021,-122.4682949,Private room,60,1,42,3/13/2018,0.97,4,284
21694543,Private bunkbed room for 2,10920797,Jimmy,,Ocean View,37.71596991,-122.467276,Private room,35,1,4,3/23/2018,3.43,4,79
3441719,Private room sleep 3 with balcony .,10920797,Jimmy,,Ocean View,37.71700359,-122.4673507,Private room,60,1,206,3/19/2018,4.53,4,139
4262533,Private room  with view  (Blue),10920797,Jimmy,,Ocean View,37.71649928,-122.4687071,Private room,66,1,81,3/11/2018,2.33,4,330
10215581,Large Sunny Room (Public Transit),12247957,Jay,,Ocean View,37.70841009,-122.4591017,Private room,40,30,15,11/12/2017,0.54,1,263
3977695,City cottage house with Pacific Ocean view,18767354,Leah,,Ocean View,37.70710377,-122.4638031,Entire home/apt,93,3,17,10/8/2017,0.4,1,200
4377982,Large Room next to Public Transit,19206511,Coleman,,Ocean View,37.71192661,-122.4582471,Private room,70,1,146,2/25/2018,3.47,3,331
5242728,[4]Cute Studio with Awesome Views,22267913,Henry,,Ocean View,37.70490802,-122.463542,Entire home/apt,100,1,100,3/10/2018,2.6,12,319
4863273,[3]Cozy Studio near San Francisco,22267913,Henry,,Ocean View,37.70544496,-122.4635159,Entire home/apt,100,1,123,3/21/2018,3.17,12,332
23615779,"Remodel, Private Bath, 200M WIFI, Passcode CheckIn",23900667,Xin,,Ocean View,37.70848126,-122.4667127,Private room,78,1,2,3/16/2018,2,2,56
23207199,A  Beautiful  Ocean View Staycation,26903690,Denise,,Ocean View,37.70701965,-122.4635775,Entire home/apt,150,2,1,3/23/2018,1,1,4
22235927,6.1 For Frugal Travelers,38163072,Evgeny,,Ocean View,37.70512804,-122.4637868,Shared room,40,3,1,2/3/2018,0.48,7,0
16742943,Charming and private Suite Oasis with a view,47228999,Sergei,,Ocean View,37.71606622,-122.4663244,Entire home/apt,120,1,15,4/3/2018,8.04,1,106
11801932,Entire  2 Bedrooms 1.5 bath Suite in SF!!,51507886,Eugene,,Ocean View,37.72561193,-122.4703608,Private room,129,2,27,4/5/2018,1.18,2,42
18248374,1910 Edwardian Home with Minimalist Style!,55204480,Mitul,,Ocean View,37.72234805,-122.4589281,Entire home/apt,200,2,4,2/4/2018,0.34,1,0
12229903,Simple + Clean Apt in SF Ocean Ave,65800040,Pam,,Ocean View,37.72209267,-122.4595255,Entire home/apt,139,2,70,3/30/2018,2.92,1,333
14906035,(2A) Cozy Private Bedroom near Daly City Subway,88062053,Victor,,Ocean View,37.70703072,-122.4650849,Private room,80,1,96,3/31/2018,5,7,104
14907219,(3B) Spacious 2-Bed Room near Daly City Subway,88062053,Victor,,Ocean View,37.70695161,-122.4665348,Private room,90,1,73,3/20/2018,3.82,7,147
14906846,(2B) Huge 2-Bed Master Suite with Bath near Subway,88062053,Victor,,Ocean View,37.70773246,-122.4649213,Private room,120,1,69,3/31/2018,3.61,7,98
14763705,"Newly Remodeled, Totally Private Suite W/Parking",92075817,Joe,,Ocean View,37.7193155,-122.4563489,Entire home/apt,158,1,161,4/5/2018,8.36,1,56
18297088,2D - Big Master Bedroom near Daly City BART & SFO,94282453,Kimberly,,Ocean View,37.70715194,-122.4646941,Private room,80,1,54,3/29/2018,4.64,9,172
20847485,"New Furniture near SF State, No Cleaning Fee (3B)",148875631,Carissa,,Ocean View,37.71456733,-122.4708924,Private room,79,1,22,4/3/2018,3.77,6,289
8014,Newly Remodeled room in big house WIFI market,22402,Jia,,Outer Mission,37.73074593,-122.4484086,Private room,65,6,79,3/25/2018,1.14,2,168
14936250,Private room/bath & entrance -  2 blks from BART,1609621,Katherine,,Outer Mission,37.73065136,-122.4303656,Private room,115,2,16,1/11/2018,0.85,1,83
493889,Spacious 1brm w/ breathtaking view,2439917,Germaine,,Outer Mission,37.72872001,-122.440598,Entire home/apt,195,30,47,3/6/2018,0.67,1,364
10771196,Sunny Private Room in Peaceful Mission Terrace,2485727,Avery,,Outer Mission,37.72627203,-122.4390537,Private room,90,1,1,8/20/2016,0.05,1,0
633629,Room with Private Sitting Area,3151325,Andrea,,Outer Mission,37.73258282,-122.4412647,Private room,79,1,61,3/7/2018,1.3,3,218
2042095,Pvt Bedroom w/ Pvt Bathroom  / Deck (Mid Century),3198527,Bruce,,Outer Mission,37.73285272,-122.4423489,Private room,119,2,185,4/6/2018,3.67,1,317
18739271,City View Private Bedroom by Glen Park BART,4346095,Ava,,Outer Mission,37.73250149,-122.4391108,Private room,85,3,5,10/22/2017,0.49,4,96
18809842,Garden View Private Bedroom by Glen Park BART,4346095,Ava,,Outer Mission,37.73218835,-122.4404383,Private room,85,3,32,2/7/2018,3.06,4,239
1162640,3 BR Mission Terrace Victorian Gem,6801237,Samira And Betty,,Outer Mission,37.72862044,-122.4348442,Entire home/apt,150,30,30,5/4/2016,0.55,1,242
2160504,Comfortable Cozy Suite with Free Parking,8353050,Will,,Outer Mission,37.72684634,-122.4387297,Private room,90,2,200,4/2/2018,4.01,1,338
5811756,"4 BEDROOMS, 2 1/2 BATHS by GLEN PARK BART metro",9080666,Sandy,,Outer Mission,37.72612886,-122.4353875,Entire home/apt,209,6,3,8/27/2017,0.1,9,242
5821220,"4 BEDROOMS, 3 BATHS home near BART, bus, shopping",9080666,Sandy,,Outer Mission,37.72661711,-122.433908,Entire home/apt,209,5,9,8/26/2017,0.33,9,109
22190418,Master upstairs sunny queen room Mission Terrace,9109983,Geoffrey,,Outer Mission,37.72429678,-122.4402698,Private room,80,2,9,3/22/2018,2.73,4,354
2088622,Private Bath / 1/F / The Yellow Rm,10220182,Kenix,,Outer Mission,37.72478259,-122.4360918,Private room,69,2,272,3/30/2018,5.23,4,249
1998111,Remodeled Cozy Sunny Room!- BLUE,10220182,Kenix,,Outer Mission,37.72440562,-122.4351689,Private room,69,2,284,3/29/2018,5.47,4,303
13591271,"Spacious Room, Very close to Bart",20525640,Art,,Outer Mission,37.72123031,-122.4437266,Private room,75,2,40,3/17/2018,1.9,2,286
9261548,SPACIOUS & REMODELED VICTORIAN,21418699,Marisol,,Outer Mission,37.7277056,-122.4401494,Entire home/apt,375,3,13,3/18/2018,0.47,1,184
4890931,Private Glen Park Studio near BART,25164560,Rebecca,,Outer Mission,37.73263041,-122.4349275,Entire home/apt,135,3,26,3/28/2018,0.91,1,117
5196116,Spacious inlaw in San Francisco,26653520,Annie,,Outer Mission,37.71164862,-122.4461981,Private room,99,2,35,3/30/2018,0.93,6,253
8474183,★ Walkability Score 90 ★ Patio ★ Parking ★ W/D ★ D,26860112,Jonathan,,Outer Mission,37.72206537,-122.4377324,Entire home/apt,134,2,96,3/22/2018,3.85,3,136
7615490,Private Suite with Amazing View,36128883,Rose,,Outer Mission,37.73414037,-122.4439701,Entire home/apt,250,2,215,3/24/2018,6.84,2,294
13017050,Sunny Home in Mission Terrace,44619101,John,,Outer Mission,37.72397795,-122.4410623,Entire home/apt,225,3,4,12/31/2017,0.22,1,28
10106906,Master Bedroom in Mission Terrace,48729832,Rich,,Outer Mission,37.72564272,-122.4381021,Private room,80,2,53,3/23/2018,2.07,4,344
14611058,Room in Penthouse for business trip,73070632,Tina,,Outer Mission,37.71126712,-122.44895,Private room,55,5,12,3/4/2018,0.6,3,338
18527258,Large bedroom with patio,73070632,Tina,,Outer Mission,37.71079049,-122.4500368,Private room,55,6,8,2/26/2018,1.04,3,273
15217090,Kiko's Master Bedroom near Subway & SFO (K1),80498309,Kiko,,Outer Mission,37.70647255,-122.4589479,Private room,88,1,48,3/19/2018,2.62,5,169
15519652,Romantic Room near Daly City Subway & SFO (R2),80498309,Kiko,,Outer Mission,37.70716363,-122.4587893,Private room,78,1,51,3/21/2018,2.9,5,174
15028336,Awesome Glen Park bedroom,90541912,Rob,,Outer Mission,37.7335256,-122.4354539,Private room,70,4,98,3/18/2018,5.19,4,196
20152928,"Outer Mission Private Cozy Room, Quiet Neighorhood",91188092,Tide,,Outer Mission,37.71335538,-122.4478979,Private room,94,3,12,3/24/2018,1.47,5,86
22468462,Sunny Cozy Private Rm,157088607,Steve,,Outer Mission,37.71126947,-122.4515676,Private room,50,5,6,3/31/2018,2.73,3,157
23583583,[No.4] 2 Full Beds Bedroom with shared Bathrooms,158495115,Sze,,Outer Mission,37.70821168,-122.4553453,Private room,82,1,7,3/30/2018,7,6,120
22653727,Glen Park-Luxury View Home,166845856,Jimmy,,Outer Mission,37.73490698,-122.4409282,Entire home/apt,600,3,0,,,1,0
2683857,Lovely Home Perfect for Family,224012,Karyn,,Outer Richmond,37.7755677,-122.4933144,Entire home/apt,230,5,21,1/2/2018,0.46,1,7
15327480,"Stylish, Colorful House with Backyard Oasis",1939545,Ray,,Outer Richmond,37.77436241,-122.481026,Entire home/apt,300,3,18,4/1/2018,1.89,1,27
732779,Relaxing Victorian near nature,2146065,Lindsay And Brian,,Outer Richmond,37.78068354,-122.4814619,Entire home/apt,520,1,5,8/15/2017,0.11,2,130
431632,"Private, cozy studio near nature",2146065,Lindsay And Brian,,Outer Richmond,37.7813536,-122.4826563,Entire home/apt,125,3,166,3/21/2018,2.3,2,244
437385,"Cozy Bed/Bth Suite,in Elegant Flat,Parking,Laundry",2172763,Melanie,,Outer Richmond,37.77883744,-122.5053471,Private room,110,2,185,4/1/2018,2.58,1,322
585326,Cozy Suite Private Bathrm by GGPark,2676602,Su,,Outer Richmond,37.77632195,-122.4806718,Entire home/apt,69,1,481,3/23/2018,6.89,2,35
1104912,Sunny apt in San Francisco. Close to Beach and GGP,6068306,Chani,,Outer Richmond,37.77519849,-122.5013872,Entire home/apt,159,3,98,2/24/2018,3.1,1,131
5548977,The Real San Francisco,6076870,Todd And Tatyana,,Outer Richmond,37.78093392,-122.4942512,Entire home/apt,178,2,234,4/4/2018,6.31,2,105
6887234,SF Richmond District Master Bdrm with Bath,7858294,Wendy,,Outer Richmond,37.77672002,-122.4827374,Private room,85,2,24,3/19/2018,0.74,2,49
1482697,Large 2BD Golden Gate Park Apt,7932270,Noam,,Outer Richmond,37.77797172,-122.4964671,Entire home/apt,175,10,27,2/23/2018,0.48,2,26
8207665,SF home w/garage-walk to Golden Gate Park,10394065,Carol,,Outer Richmond,37.7778541,-122.4801103,Entire home/apt,247,2,62,3/29/2018,2.16,2,177
16807426,Private Bedroom/Private Bathroom Land's End,10573197,Beverly,,Outer Richmond,37.77347332,-122.5006727,Private room,160,3,0,,,2,45
2115503,Ocean Beach - Kelly's Cove,10785430,Ant,,Outer Richmond,37.77622306,-122.5090638,Entire home/apt,150,2,135,3/24/2018,4.12,1,45
2396847,"Luxurious, Modern, Fully-Equipped Studio",10895766,Yelena,,Outer Richmond,37.77915101,-122.4785733,Entire home/apt,125,3,247,4/1/2018,5.21,1,222
8352275,Cozy Room in Sight of the Sea,11512680,Brent,,Outer Richmond,37.77897722,-122.5067491,Private room,129,1,246,4/3/2018,7.9,2,294
2802418,Comfortable room,13923854,Gina,,Outer Richmond,37.77346731,-122.4990082,Private room,109,2,186,3/29/2018,3.89,1,294
15564777,Private Bedroom and Bathroom Suite sleeps 3 in SF!,14522747,Sarah,,Outer Richmond,37.77419149,-122.4911063,Private room,98,2,29,3/22/2018,2.81,2,109
20256864,Modern Room Near Golden Gate Park (White),23752034,Brian,,Outer Richmond,37.77232891,-122.5026001,Private room,73,1,8,3/2/2018,1.08,3,284
23701870,Private Tropical Garden Apt with In-Suite W/D & DW,33062769,Lauren,,Outer Richmond,37.78163491,-122.4813727,Entire home/apt,199,2,2,3/28/2018,2,1,58
10469182,Cozy Garden Studio - Private Entry,34963239,Landy,,Outer Richmond,37.78112798,-122.5010952,Private room,128,2,199,3/23/2018,7.61,1,97
7643927,Beautifull private room.,40109906,David,,Outer Richmond,37.77832449,-122.4886854,Private room,99,1,302,4/4/2018,9.29,1,304
10502323,Outer Richmond Spacious Apartment,54149759,Chuck And Katie,,Outer Richmond,37.77324628,-122.5058859,Entire home/apt,165,30,36,3/2/2018,1.44,1,176
10812630,"Sunny&Convenient SFH w/ Parking&Yard, A+ Location",55983066,Cindy,,Outer Richmond,37.77794411,-122.4799253,Entire home/apt,198,30,140,3/18/2018,5.26,1,365
11719688,Family Friendly Apt. Next to Golden Gate Park!,62318002,Greg,,Outer Richmond,37.77580337,-122.4977233,Entire home/apt,105,2,81,4/1/2018,3.32,1,85
15849484,"Welcome to the nice , large 600 sq ft modern place",69727514,Bella,,Outer Richmond,37.77394568,-122.4799794,Entire home/apt,170,2,9,10/30/2017,0.96,1,68
21812815,Cute & Private Suite Steps to Golden Gate Park!,84387679,Aaron,,Outer Richmond,37.77346044,-122.4802008,Entire home/apt,95,3,17,4/4/2018,5.2,1,16
16620918,3 bedroom In-Law near Golden Gate Park w/parking,97707379,Hongqun,,Outer Richmond,37.7750538,-122.4915981,Entire home/apt,145,3,45,3/21/2018,3.02,1,35
16604785,Super big 3rd floor flat close to GG park!,109561020,Julie,,Outer Richmond,37.77958836,-122.4950811,Entire home/apt,200,3,46,3/23/2018,3.07,1,50
17333633,Renovated & Contemporary Apt with 3 Beds 2 Baths,117047823,Alon,,Outer Richmond,37.77806467,-122.490216,Entire home/apt,395,4,21,3/30/2018,1.54,1,42
21730505,140 Sq Ft Perfectly located close to Ocean Beach,157074592,ALEX / Peihong,,Outer Richmond,37.77874301,-122.4963769,Private room,65,2,16,3/29/2018,4.57,5,68
23860519,Private Room with Ocean Views w/ Private Bathroom,179240427,June,,Outer Richmond,37.77947027,-122.501909,Private room,180,2,1,3/30/2018,1,2,320
4013746,Deluxe Garden Studio,93238,Chuck And Sue,,Outer Sunset,37.75085367,-122.4789613,Entire home/apt,145,2,202,4/2/2018,4.68,1,60
1645712,Panoramic Ocean View Master Bedroom,250861,Belinda,,Outer Sunset,37.74808849,-122.4866984,Private room,129,30,15,10/13/2017,0.35,4,365
10524804,Beach Life in the Outer Sunset.,536549,Caite,,Outer Sunset,37.74905031,-122.502233,Entire home/apt,145,2,79,4/5/2018,2.94,1,236
18602265,Spacious Studio w/Kitchen - Walk to Beach & Park,795382,Anna,,Outer Sunset,37.75830169,-122.498991,Entire home/apt,98,2,49,4/1/2018,5.65,1,218
11461920,SF Beach House & Incredible Yard,1336390,Colin,,Outer Sunset,37.76075123,-122.5066116,Entire home/apt,280,3,32,12/30/2017,1.27,1,0
727866,Private Luxurious In-Law Suite Near Beach,1743076,Kevin & Esther,,Outer Sunset,37.7478056,-122.5031612,Entire home/apt,153,1,347,3/23/2018,5.21,1,294
442397,OceanBeach2br2BathFreeParking!,2198311,Marianne,,Outer Sunset,37.75925432,-122.5089263,Entire home/apt,295,4,77,4/1/2018,1.08,1,103
20269012,Ocean Beach Bungalow Studio,3468986,Melissa,,Outer Sunset,37.75728575,-122.5036663,Entire home/apt,140,2,41,4/6/2018,5.28,1,119
14567341,OCEAN BEACH FRONT FLAT//GREAT LOCATION+VIEWS,3800063,Angela,,Outer Sunset,37.75509684,-122.5093648,Entire home/apt,285,3,23,3/27/2018,2.32,1,0
19073405,Private Room near the Beach and Golden Gate Park,4139079,Billy,,Outer Sunset,37.7618565,-122.4840328,Private room,85,2,33,4/1/2018,3.36,3,22
13175533,San Francisco Beach Flat,4857720,Simone,,Outer Sunset,37.75389865,-122.5010121,Entire home/apt,150,2,98,4/3/2018,4.43,1,180
15204367,Gorgeous Bottombunk wPrivacyInCanopy nr Beach,5215966,Melisse,,Outer Sunset,37.75634482,-122.492647,Shared room,37,1,63,3/22/2018,3.55,6,54
15828423,GorgeousUpperbunk wPrivacyInCanopy nr Beach,5215966,Melisse,,Outer Sunset,37.75557304,-122.4944092,Shared room,37,1,55,3/28/2018,3.27,6,83
998701,Private Room in Ocean Beach Cottage,5488987,Martha,,Outer Sunset,37.75948151,-122.5071208,Private room,90,3,166,3/31/2018,2.72,1,40
21745893,Sunset home near beach and park (private room B),5689322,Jennifer,,Outer Sunset,37.75420792,-122.5018306,Private room,100,1,0,,,3,184
4774742,Big Sunny Room in Shared House by Beach,8597535,Laura,,Outer Sunset,37.75580243,-122.4978699,Private room,62,1,83,3/15/2018,2.19,2,332
10859050,Room w Balcony in Shared House by Beach,8597535,Laura,,Outer Sunset,37.75548425,-122.4999199,Private room,70,1,85,3/22/2018,3.23,2,312
1644684,Oceanfront Lower Flat,8716603,Laura,,Outer Sunset,37.75970644,-122.5092201,Entire home/apt,191,2,45,3/7/2018,0.81,2,326
11605753,Oceanfront San Francisco House,8716603,Laura,,Outer Sunset,37.75841668,-122.5069614,Entire home/apt,345,3,38,4/2/2018,1.56,2,332
16678379,"One Spacious, Cozy Private Room and Bath",9671092,Michelle,,Outer Sunset,37.76361416,-122.4801098,Private room,70,1,91,4/4/2018,6.59,2,35
2221057,Private Beach Side 2 bedroom,11331176,Blythe & Michael,,Outer Sunset,37.74663231,-122.504868,Entire home/apt,175,4,60,3/30/2018,2.1,1,45
2944843,NICE Bedroom w/Private BATH 2 Beds & FREE PARKING,15035145,Janaf,,Outer Sunset,37.75488066,-122.4949597,Private room,80,1,287,4/4/2018,6.03,1,69
3257886,Golden Gate Park & Beach Getaway!,15336469,Kathy And Matt,,Outer Sunset,37.7639089,-122.4977868,Entire home/apt,160,1,336,4/5/2018,7.29,1,132
19663541,Bright and cozy one bedroom one bath,16877435,Rous,,Outer Sunset,37.74993801,-122.4926356,Entire home/apt,120,1,28,3/26/2018,3.13,3,7
13654824,"Private, Cozy In-Law Apartment",17417222,Jessica,,Outer Sunset,37.75384845,-122.4928673,Entire home/apt,118,1,113,3/27/2018,9.91,2,48
5785978,Big room near GG Park,26606416,Roerto,,Outer Sunset,37.76413014,-122.4836885,Private room,80,1,106,3/17/2018,4.25,2,8
6494663,Comfy Suite A/private bath on ground floor+Netflix,33948993,Paul,,Outer Sunset,37.74950011,-122.4916428,Private room,88,1,213,3/21/2018,6.16,3,281
7933807,Like New 2 BR/2 BA/Free parking/Netflix,33948993,Paul,,Outer Sunset,37.74758044,-122.4907,Private room,200,1,85,3/23/2018,3.08,3,251
13962229,SF near beach and GG park. Kid friendly-Woof,35117944,Lydia,,Outer Sunset,37.75970076,-122.5071224,Private room,80,1,49,3/13/2018,2.34,1,77
17543814,Comfy Room in the Sunset,36997746,Jonathan,,Outer Sunset,37.74988696,-122.4776792,Shared room,32,2,68,3/24/2018,5.31,4,88
9136987,Sunsets Over the Pacific w/ Private Bath,37161006,Jarod,,Outer Sunset,37.74556431,-122.508021,Private room,75,3,48,3/31/2018,2.13,1,30
7259606,Near the...Sand...     Private Room,37952450,Maite & Roger,,Outer Sunset,37.76087331,-122.5059146,Private room,60,2,34,3/24/2018,1.05,3,89
12741695,"Private studio w/kitchen, walk to beach and park",40902220,David,,Outer Sunset,37.76068614,-122.5028289,Private room,135,1,183,4/2/2018,9.18,2,214
9780615,1 bedroom apt in the Outer Sunset,48826007,Andre,,Outer Sunset,37.76136997,-122.5035928,Entire home/apt,130,1,200,4/2/2018,7.13,1,34
11013337,Stylish 2BR Sunset House W/Parking,57150412,Irina,,Outer Sunset,37.74832572,-122.4823091,Entire home/apt,189,30,97,12/29/2017,3.73,1,341
13293285,"Private MiniStudio/UCSF,SFSU,GGPark",64351162,Vlad & Ira,,Outer Sunset,37.75703195,-122.4893938,Entire home/apt,90,1,150,3/5/2018,6.76,2,27
23565269,Spacious Outer Sunset Home near the beach!,66107483,Tomo,,Outer Sunset,37.74952,-122.5016895,Entire home/apt,250,5,0,,,2,163
13516275,In-law Studio Near Ocean Beach with Private Entry,77622485,Damjan,,Outer Sunset,37.75211734,-122.4975682,Entire home/apt,120,2,32,8/14/2017,1.46,1,0
13642014,Large sunlit room in sunset area with free parking,77807259,Guanying,,Outer Sunset,37.75208502,-122.484447,Private room,80,2,150,3/29/2018,6.91,3,95
13901641,Spacious and comfortable room with free parking,77807259,Guanying,,Outer Sunset,37.75206591,-122.4843425,Private room,85,1,155,3/30/2018,7.29,3,85
14340124,1 bedroom apt in the Outer Sunset,87816334,Tony,,Outer Sunset,37.76332743,-122.5017127,Entire home/apt,120,1,126,4/1/2018,6.22,1,62
21327347,★New Modern 1BR apt 1 min Walk to Golden Gate Park,90139010,Anna & Michael,,Outer Sunset,37.76375708,-122.4875085,Entire home/apt,139,2,28,4/1/2018,5.56,1,52
14705126,"Beach, Large 2 bedroom 1.5 bath unit, Private Deck",91464797,Un Kuan (Anna),,Outer Sunset,37.76160181,-122.4949617,Entire home/apt,227,1,94,3/21/2018,4.91,1,182
17965243,"Modern, Quiet, and Clean 2BR/1BA in Sunset",96309245,Gene,,Outer Sunset,37.75078486,-122.5025885,Entire home/apt,240,2,74,3/21/2018,6.22,1,28
17301015,Double Full-Beds Room near Ocean Beach & GG Park,113822021,Michael,,Outer Sunset,37.76309568,-122.5061802,Private room,100,2,73,4/1/2018,5.49,1,326
18413673,"Bright Spacious 2BD Close to Beach, Zoo, GG Park",117347367,Dave,,Outer Sunset,37.75284762,-122.5035397,Entire home/apt,250,3,37,3/31/2018,3.65,1,79
18754189,Ocean Beach Getaway,128940936,Barbara (And Perry),,Outer Sunset,37.75867856,-122.5060722,Entire home/apt,140,2,38,3/28/2018,4.1,1,46
23042417,One Bedroom Unit,132972183,Sheila,,Outer Sunset,37.75513647,-122.4857744,Entire home/apt,99,15,0,,,1,138
19404978,See the Marin Headlands from this lovely 1 bedroom,135377800,Margaret,,Outer Sunset,37.75573777,-122.4775915,Private room,75,2,39,4/1/2018,4.08,2,129
19626323,Bright and Spacious Master Suite with Balcony,136131559,Cindy And Michelle,,Outer Sunset,37.76499039,-122.4793665,Private room,90,1,40,4/1/2018,4.51,4,54
20575733,Comfortable and Charming Bedroom with Private Bath,136131559,Cindy And Michelle,,Outer Sunset,37.76346471,-122.4793234,Private room,80,1,34,3/30/2018,4.88,4,49
20257216,Sunny and Spacious Room With Private Bathroom,136131559,Cindy And Michelle,,Outer Sunset,37.76328735,-122.4786842,Private room,80,1,35,4/3/2018,4.39,4,32
21411895,"Old World Charm, New World Amenities!",155153024,Becca And Aaron,,Outer Sunset,37.76058108,-122.4806381,Entire home/apt,225,2,24,4/1/2018,4.62,1,34
22478127,New modern two bedroom in-law unit,159753287,Shaun,,Outer Sunset,37.74966308,-122.4892325,Entire home/apt,159,2,14,4/6/2018,5.6,3,228
22968438,Private room with access to deck and backyard,159753287,Shaun,,Outer Sunset,37.74964787,-122.4876293,Private room,74,2,7,4/2/2018,4.29,3,175
22718099,Alice & Michael's Airbnb 1-Bedroom Suite,167608343,Alice,,Outer Sunset,37.7588851,-122.4985734,Entire home/apt,130,3,13,4/4/2018,5.06,1,225
24038615,Exquisite Living in the Desirable Sunset,175780561,Wayne,,Outer Sunset,37.75250912,-122.4888114,Private room,65,1,0,,,2,72
51773,Prime Location - Small Cozy Room,216682,Jay,,Pacific Heights,37.79311697,-122.4259984,Private room,55,30,158,12/14/2017,1.87,6,294
24202800,Art Deco Condo in Pacific Heights; Private Room,734170,Ian,,Pacific Heights,37.7954743,-122.4277624,Private room,350,1,0,,,2,226
12985543,Victorian w/View and Sunny deck in Pacific Heights,694377,Fay,,Pacific Heights,37.79418453,-122.4316455,Entire home/apt,291,30,41,3/13/2018,1.87,2,58
8989344,Old World San Francisco Charm,801842,Sheri,,Pacific Heights,37.79075595,-122.443055,Entire home/apt,375,2,47,3/24/2018,1.69,2,242
18077642,VICTORIAN FAMILY HOME IN VERY BEST SF AREA!,863433,Lisa,,Pacific Heights,37.79134057,-122.4320386,Entire home/apt,840,7,3,11/10/2017,0.29,2,62
314248,Pacific Heights 3 bedroom home,1614566,Sarah,,Pacific Heights,37.79025558,-122.4364041,Entire home/apt,325,7,29,12/29/2017,0.54,1,269
6526129,BEST LOCATION SEPTEMBER Sublet FILLMORE ST,2971941,Amy,,Pacific Heights,37.79034446,-122.4348015,Entire home/apt,129,30,1,10/6/2016,0.05,1,0
8473183,Relax and Explore in San Francisco Urban Oasis Apartment,3044795,Matthew,,Pacific Heights,37.78882011,-122.4432138,Entire home/apt,125,2,133,3/29/2018,4.31,1,128
13788581,Modern Pacific Heights Garden Apartment,3495695,Ryan,,Pacific Heights,37.7910692,-122.4428315,Entire home/apt,225,1,18,3/23/2018,0.86,1,76
12953897,Huge 2 bed 2 bath Victorian in Amazing Location,3901402,Robyn,,Pacific Heights,37.79543093,-122.4235908,Entire home/apt,450,4,12,8/19/2017,0.55,1,56
20949397,Luxury Executive Loft - Pacific Heights,3916367,Addy,,Pacific Heights,37.78996769,-122.4402608,Entire home/apt,425,4,5,3/28/2018,2.21,2,153
19329448,Private Studio with Piano 1 Block from Park,4106485,Jean,,Pacific Heights,37.79197158,-122.4297659,Entire home/apt,99,2,34,4/4/2018,3.52,1,0
7227605,Prime Pacific Heights Three Bedroom,9909723,Jim,,Pacific Heights,37.79255374,-122.4427292,Entire home/apt,750,30,25,11/26/2017,0.79,1,365
4061282,"Sunny, private room w/attached bath",10235302,Deepali,,Pacific Heights,37.78914653,-122.4466058,Private room,148,4,48,3/23/2018,1.42,1,342
5615061,Sophisticated Condo in Pacific Heights,10456237,Rose,,Pacific Heights,37.79176486,-122.4287931,Entire home/apt,1000,2,2,1/10/2018,0.13,1,147
20199878,Pacific Heights Boutique Hotel - Garden Suite,11218165,Bryn,,Pacific Heights,37.79240973,-122.4317866,Entire home/apt,279,4,2,3/30/2018,0.4,3,0
3896205,Pacific Heights Old World Studio-Pvt Entrance,20169016,Springer,,Pacific Heights,37.78882437,-122.4469353,Entire home/apt,140,3,30,1/28/2018,1.04,3,273
6974480,Spacious studio in Pacific Heights,20955456,Catherine,,Pacific Heights,37.78984455,-122.4457696,Entire home/apt,165,3,57,4/2/2018,2.45,1,111
4439461,Upscale Private Ensuite Bed & Bath,22338989,Jeffrey,,Pacific Heights,37.78973831,-122.4343917,Private room,129,1,365,3/24/2018,8.99,3,186
19506419,Spacious 1 Bed Pac Hghts Apartment on Park,29830765,Peter,,Pacific Heights,37.78899565,-122.4388299,Entire home/apt,175,3,4,1/28/2018,0.54,1,0
7840831,Charming Apartment in the Heart of Pacific Heights,41309382,Sarah,,Pacific Heights,37.79362639,-122.4416855,Entire home/apt,395,2,61,3/31/2018,1.96,1,341
12429503,"Private Pac Heights cottage, walk to Union or Polk",67232897,John,,Pacific Heights,37.79682932,-122.4257561,Entire home/apt,500,4,9,3/20/2018,0.73,1,69
14485051,Classic SF penthouse! Apartment with Open floor plan w/ deck.,89354538,Liz,,Pacific Heights,37.78836974,-122.4401529,Entire home/apt,225,30,72,3/29/2018,3.79,1,106
15770116,4bd/2.5b Pacific Hts.New & Unique Top Flr Flat!,91488071,Danny,,Pacific Heights,37.79517333,-122.4278398,Entire home/apt,400,30,54,1/11/2018,3.58,1,129
17461924,Fabulous Apt. in Pacific Heights,118247994,Veronica,,Pacific Heights,37.79031241,-122.4320845,Entire home/apt,300,3,66,4/2/2018,5.05,1,166
300589,Vibrant Master Bedroom/Private Bathroom + Parking,1537727,Alexina,,Parkside,37.74433787,-122.4726613,Private room,99,2,258,4/1/2018,3.52,1,34
10314874,Modern Home next to Beach with 1000MPS,2721612,David,,Parkside,37.74283105,-122.5022974,Entire home/apt,65,1,20,3/20/2018,0.75,2,47
9311466,Modern SF Home 3 blocks from Beach,2721612,David,,Parkside,37.74228492,-122.5033461,Entire home/apt,210,1,139,3/22/2018,5.04,2,275
5319588,Colorful private room & shared bath,4324056,Alice,,Parkside,37.74374058,-122.4846258,Private room,92,2,75,3/18/2018,1.96,1,365
16407735,Mandalay - Spacious & Upscale Zen Getaway,4350837,Servio,,Parkside,37.74285297,-122.4727459,Entire home/apt,150,2,62,4/1/2018,4.55,2,63
18291265,Private Access with en-suite bathroom near beach,5254975,Angela,,Parkside,37.73969081,-122.484746,Private room,70,1,41,4/2/2018,5.47,1,229
5581254,"Modern, Luxury 2BR/2BA",5516215,Kesinee Angkustsiri,,Parkside,37.74257973,-122.4874402,Entire home/apt,155,3,102,3/21/2018,2.82,1,48
11845487,Beautiful 1-Bedroom Apt (sleeps 4),6001829,J Shane,,Parkside,37.73906813,-122.4772732,Entire home/apt,140,3,68,3/15/2018,2.78,1,240
2465543,Luxury 2 bedroom 2 bath flat w/yard,12607337,Mike,,Parkside,37.73810753,-122.4735765,Entire home/apt,99,30,10,1/10/2018,0.22,1,191
10409218,Spacious Home/Garden near GG Park,16463339,Sergei,,Parkside,37.74397956,-122.4712679,Entire home/apt,650,7,2,8/5/2017,0.23,2,38
18873809,"Bright, Peaceful Guest Suite Close to the Beach",20137018,Ryan,,Parkside,37.74484799,-122.5025831,Private room,250,2,35,4/5/2018,3.89,1,199
4026354,Cozy 2 BR + Nice Ocean View+parking,20860681,Candy,,Parkside,37.74474224,-122.4908469,Entire home/apt,209,1,205,4/3/2018,4.81,1,54
14887262,Bright private room in the Parkside.,24373754,Marcel,,Parkside,37.74255223,-122.4791723,Private room,8000,1,61,3/23/2018,3.33,1,130
14935413,Bright room with balcony right off the beach.,25369070,Jyllian,,Parkside,37.74349198,-122.507301,Private room,60,1,31,3/27/2018,1.62,1,0
5154227,"4 Bedroom w/ Garden, Roof Patio and Garage.",26653102,Dayne,,Parkside,37.74368372,-122.4781284,Entire home/apt,499,3,62,3/15/2018,1.67,4,129
21295261,"Clean, bright room with comfortable king size bed.",26653102,Dayne,,Parkside,37.74508391,-122.4784723,Private room,88,2,8,3/26/2018,1.36,4,24
12511163,"Nice Room by Beach, Lake, and Zoo",31755831,Philip,,Parkside,37.73486213,-122.4956631,Private room,50,1,188,3/23/2018,7.93,2,53
20367796,Walk/Bike Score 95+ | Full Kitchen | 2 Bathrooms,35433848,Je & Derren,,Parkside,37.74660199,-122.4791699,Private room,40,1,55,4/3/2018,7.11,4,338
7035672,"Ocean View, EZ Transit, & Parking - Private Studio",36886391,Kyle,,Parkside,37.74236219,-122.4722912,Entire home/apt,200,3,71,3/16/2018,2.18,1,284
20765941,Brand New Beautiful 3 BR/ 2 BTH in Sunset SF,65528821,Maggie,,Parkside,37.74083646,-122.5014217,Entire home/apt,298,2,17,3/26/2018,2.58,1,55
15903424,"Adorable private ""in-law"" for two",88656778,Lainie & Charlie,,Parkside,37.74496655,-122.488739,Entire home/apt,112,2,68,4/1/2018,3.98,1,14
16305055,Sunset District Private Studio,106687468,Stephen,,Parkside,37.73801819,-122.4910881,Entire home/apt,100,3,17,4/2/2018,1.49,1,320
18928482,Spacious Bright Room in Charming Edwardian Home,126496085,Felicity,,Parkside,37.74197273,-122.4841803,Private room,76,2,30,2/17/2018,3.14,4,12
19160639,Ocean view Room in Charming Edwardian home,126496085,Felicity,,Parkside,37.74107672,-122.485491,Private room,75,2,1,9/7/2017,0.14,4,0
22690547,Private Bedroom&Bath. Private Entrance. FREE wifi.,140678774,Salma Chantana,,Parkside,37.74574886,-122.4812785,Private room,79,3,5,4/6/2018,2.21,2,282
14671513,House at the top of Potrero Hill,260426,Joe,,Potrero Hill,37.75958369,-122.4008684,Entire home/apt,348,3,6,2/6/2018,0.31,4,0
19950230,"Stylish, private & quiet in Potrero Hill",275545,Vivian,,Potrero Hill,37.75461181,-122.4022571,Entire home/apt,160,1,6,12/17/2017,1.27,1,0
340429,Single Family House in Potrero Hill,1611885,Michael,,Potrero Hill,37.75992352,-122.3949231,Entire home/apt,160,3,17,1/1/2018,0.38,1,0
18732664,Studio with a view and easy access to all of SF,2074140,Gabriel,,Potrero Hill,37.75480762,-122.4006486,Entire home/apt,150,30,17,4/1/2018,1.61,1,36
948066,Studio Apt on Sunny Potrero Hill,2880747,Scott,,Potrero Hill,37.76243973,-122.4037506,Entire home/apt,210,30,46,1/1/2018,0.75,1,238
8290464,Garden Studio with Private Entrance,3198119,Kim,,Potrero Hill,37.76390696,-122.3955279,Entire home/apt,185,2,41,4/3/2018,1.32,1,66
13127954,"Moroccan Room-Parking,Awesome Sunsets,Large,Luxury",3617002,Sarah & Pankaj,,Potrero Hill,37.76184919,-122.4054302,Private room,93,1,174,4/4/2018,7.72,4,295
8184928,Beautiful Potrero Hill Apt. Parking,4221614,"Cris, Daniela & Olivia",,Potrero Hill,37.76053873,-122.4039577,Entire home/apt,110,999,12,8/8/2016,0.39,3,60
899499,Spacious Dogpatch Loft by Caltrain,4610428,Robyn,,Potrero Hill,37.75342014,-122.3920084,Entire home/apt,279,6,18,3/20/2018,0.5,1,163
17289486,"Dogpatch Loft Bdrm w/Bath near Caltrain, AT&T park",4649971,Mike,,Potrero Hill,37.75567429,-122.3911111,Private room,120,1,49,3/29/2018,3.82,1,45
7902505,Your Private Space in Potrero Hill,4894789,Sarah,,Potrero Hill,37.75531364,-122.3997516,Entire home/apt,150,3,75,3/21/2018,2.46,1,147
980783,Potrero Hill Retreat,5371124,Katie,,Potrero Hill,37.76460214,-122.4041456,Entire home/apt,181,30,145,3/3/2018,2.43,1,234
15803552,"Urban Sanctuary, Potrero Hill/Dogpatch, STR-002366",5538931,Erik,,Potrero Hill,37.75840024,-122.3924571,Private room,125,3,9,8/20/2017,0.55,1,85
1340755,"P-Hill w/ Private Bathroom, Hot Tub & City View!",5811541,Megan,,Potrero Hill,37.7613506,-122.3947413,Private room,145,3,29,3/22/2018,0.51,1,52
3790877,Top Floor Condo with Bay View,6275305,Lei,,Potrero Hill,37.75847746,-122.3952498,Entire home/apt,220,3,10,3/2/2018,0.33,1,14
6163821,Studio Room on Potrero Hill,6884446,Emily,,Potrero Hill,37.75538942,-122.3972996,Private room,146,1,167,3/30/2018,4.67,3,138
1276186,Impeccable Home with Hot Tub on Potrero Hill,6920252,Mary,,Potrero Hill,37.75722738,-122.4018186,Entire home/apt,395,4,24,3/23/2018,1.27,2,184
4324832,"Potrero Hill home, 2/2, view, parkg",7180666,Lynne,,Potrero Hill,37.75815332,-122.4026288,Entire home/apt,250,4,80,1/30/2018,1.9,1,115
1407244,Spectacular Home w/ Panoramic Views,7578793,Ruth,,Potrero Hill,37.76243663,-122.3945978,Entire home/apt,500,2,45,3/4/2018,0.79,1,303
1578597,The Skyline Suite (w/ Kitchenette),8390846,Jon-Pierre (& Joel),,Potrero Hill,37.75857707,-122.4015224,Entire home/apt,169,1,369,3/22/2018,7.33,1,107
1855096,Fabulous Artist Flat—Potrero Hill—Business Ready,9011470,Michael,,Potrero Hill,37.76457868,-122.3933537,Entire home/apt,190,2,217,3/23/2018,4.08,1,111
3994686,1 bedroom Apt with add't Murphy Bed,10374314,Dave,,Potrero Hill,37.76057174,-122.3965259,Entire home/apt,282,4,40,3/6/2018,0.94,1,61
11659435,Edwardian Flat in Sunny Potrero Hil,12780333,Loren,,Potrero Hill,37.76159242,-122.4046124,Entire home/apt,230,3,48,2/26/2018,1.96,1,6
2790637,"Modern Apt, Downtown/Bay Bridge View, Easy parking",14273047,Dai,,Potrero Hill,37.76083129,-122.4026361,Entire home/apt,210,5,39,2/28/2018,0.83,1,231
3877462,Private Floor. 2 Rooms Private Bath. Rooftop Patio,20037498,Carly,,Potrero Hill,37.76145767,-122.402413,Private room,85,3,63,3/16/2018,1.42,2,63
4122671,Artistic Room with Private Entrance,21387911,Kerry,,Potrero Hill,37.75577665,-122.3894606,Private room,100,3,28,4/2/2018,0.66,1,0
21113012,Adorable Victorian - 2 beds for 2-4 people,32534976,Palmore,,Potrero Hill,37.7604126,-122.3951279,Private room,200,2,2,3/3/2018,0.33,3,255
8438267,Beautiful View Apartment,35568135,Richard,,Potrero Hill,37.76118048,-122.3967033,Entire home/apt,195,3,29,4/5/2018,1.21,1,263
7949668,"WELCOME TO YOUR HOME AWAY FROM HOME,FREE PARKING",41921646,Rania,,Potrero Hill,37.75511535,-122.4004124,Private room,119,1,189,3/29/2018,6.01,2,338
10648093,Unique historical house with city and bay views,54983982,Colette,,Potrero Hill,37.7620038,-122.3927837,Entire home/apt,500,2,29,3/31/2018,1.59,1,328
11911651,Views & sunny decks at top of Potrero Hill,63549522,Lucy & Simon,,Potrero Hill,37.75922906,-122.3971694,Entire home/apt,600,3,13,3/24/2018,0.64,1,83
20269251,Potrero Hill Modern 1 BR with Views.,76784332,Abrasha & Maria,,Potrero Hill,37.76050362,-122.4008769,Private room,225,3,4,12/9/2017,0.82,1,41
16518454,Charming and Spacious Potrero Hill Apartment,79934972,Melissa,,Potrero Hill,37.76298924,-122.3940016,Entire home/apt,107,3,29,3/29/2018,1.93,1,210
19438546,The Heavenly Hideaway,136284675,Clebia,,Potrero Hill,37.76111576,-122.4039936,Entire home/apt,190,2,5,3/8/2018,0.81,1,215
21327857,Potrero Hill Penthouse w/ parking,154399683,Azul,,Potrero Hill,37.75942752,-122.3926738,Private room,124,2,5,4/3/2018,5,1,25
22378055,Your Sunny SF Sanctuary with Parking!,156917089,Barb,,Potrero Hill,37.759641,-122.3947191,Entire home/apt,265,2,10,4/2/2018,4.05,1,68
23106655,Potrero Hill Sunset Retreat,170427853,Al,,Potrero Hill,37.75436524,-122.3989738,Entire home/apt,149,2,6,4/3/2018,3.21,1,70
22002029,"Cozy Edwardian condo, a Pacific Heights gem",7343864,Etsu,,Presidio Heights,37.78747666,-122.4476723,Entire home/apt,125,3,17,4/3/2018,4.68,1,5
20788162,Bright Arched Studio,119734,Francesca,,Russian Hill,37.8008488,-122.4130833,Entire home/apt,130,4,3,11/20/2017,0.55,1,12
506465,3br  Edwardian flat on Russian Hill,196125,David,,Russian Hill,37.79954695,-122.4199433,Entire home/apt,599,2,20,8/12/2017,0.46,1,362
2219978,Master Suite with Private Bathroom,368469,Veronica,,Russian Hill,37.79809556,-122.4155067,Private room,170,30,9,1/11/2018,0.19,1,87
208831,Virtually Your Own Apt in Nth Beach,1028577,Peter,,Russian Hill,37.80242099,-122.4144019,Entire home/apt,165,3,381,3/25/2018,4.79,1,65
8474728,"Quiet, quaint Studio in North Beach / Russian Hill",1498961,Matthew,,Russian Hill,37.7983579,-122.4127885,Entire home/apt,219,30,6,1/12/2018,0.76,1,180
15084369,Central Location - Beautiful Sunny Garden Unit,2930381,Miranda,,Russian Hill,37.7967754,-122.4200648,Entire home/apt,192,3,29,3/31/2018,1.61,1,231
971069,Private North Beach Guest Room in a Stylish Flat,5029119,Jessica,,Russian Hill,37.79843872,-122.4104974,Private room,91,30,105,8/30/2017,1.73,1,0
3663532,SoMa 1Br with Garden Oasis,3554039,Jimmy,,South of Market,37.77776691,-122.403803,Entire home/apt,130,30,36,3/1/2018,0.8,1,39
5838582,Amazing 1BD in Prime Location,5773124,Rehan,,Russian Hill,37.80534895,-122.4209133,Entire home/apt,140,5,11,3/19/2018,0.31,1,297
16348139,North Beach 2 Bedroom W Spacious Rooftop Deck,7610972,Grettel,,Russian Hill,37.8002631,-122.4132935,Entire home/apt,610,3,1,5/27/2017,0.1,1,95
13848002,Lombard Street Apartment,8107922,Paul,,Russian Hill,37.80129444,-122.4173297,Entire home/apt,250,5,5,10/27/2017,0.24,1,0
3655811,Furnished 1 Bedroom in the Best Location,13832870,International,,Russian Hill,37.79850832,-122.4206578,Entire home/apt,138,30,9,6/7/2017,0.21,5,365
8241198,Large House w/ Balconies & Stunning Views,14040690,Diego,,Russian Hill,37.80031414,-122.4126791,Entire home/apt,350,1,1,2/20/2018,0.64,4,44
23191522,"Lg Room in Large House w/ Balcony, Patio & Views",14040690,Diego,,Russian Hill,37.79868013,-122.4127936,Private room,180,1,0,,,4,104
23191397,Nice Room in House w/ Stunning Balconies & Views,14040690,Diego,,Russian Hill,37.79978643,-122.4127789,Private room,180,1,1,4/1/2018,1,4,104
23074128,Large Bright Studio in North Beach!,15264218,James,,Russian Hill,37.8005833,-122.4162566,Entire home/apt,170,1,22,3/21/2018,10.48,1,110
23326161,Sunny Bedroom in North Beach Mansion,19182611,Levon & Ashley,,Russian Hill,37.79911482,-122.4115264,Private room,99,5,2,3/18/2018,1.71,2,17
23712427,2-Bedroom Suite in North Beach Mansion,19182611,Levon & Ashley,,Russian Hill,37.79906586,-122.4113027,Private room,170,2,3,4/3/2018,3,2,81
5202841,Cozy Russian Hill Cottage w/ Parking!,26914130,Carl,,Russian Hill,37.802195,-122.4217107,Entire home/apt,250,5,147,3/17/2018,3.87,2,76
6154096,Luxury  Location  Lovely,31868678,Cynthia,,Russian Hill,37.80617517,-122.4234265,Entire home/apt,695,1,1,1/30/2018,0.44,1,148
20903277,Russian Hill Heartthrob,39869213,Elliot,,Russian Hill,37.79817407,-122.4186028,Private room,240,1,0,,,1,0
10673908,Russian Hill Gem,55135365,Sarah,,Russian Hill,37.79711801,-122.4154779,Entire home/apt,437,1,86,4/1/2018,3.37,1,89
23823843,Modern Apartment in Convenient Location,57202494,Jason,,Russian Hill,37.7978579,-122.4103637,Private room,400,2,0,,,1,360
21298901,SUITES AT FISHERMAN'S WHARF WITH KITCHEN,64646820,Michelle,,Russian Hill,37.8065463,-122.4214453,Entire home/apt,199,1,13,3/23/2018,2.38,13,24
13900287,Luxury Russian Hill 3BR Home W/Gorgeous Views,80700711,Rich,,Russian Hill,37.8037451,-122.4227098,Entire home/apt,1200,3,7,2/11/2018,0.35,1,163
15658995,"Superb location, Large Apt - Monthly",101082303,Qc,,Russian Hill,37.79892369,-122.4093261,Entire home/apt,175,30,2,12/23/2017,0.12,1,223
17406770,Stylish 2Br/1Ba North Beach/Wharf,117693832,Samantha,,Russian Hill,37.80308275,-122.4143212,Entire home/apt,250,30,11,8/20/2017,0.84,1,364
20281663,Lovely SF Bedroom/Bath- Blocks from the Beach.,123931387,Milena,,Seacliff,37.78023429,-122.5066545,Private room,123,3,1,9/5/2017,0.14,2,124
806199,"Sunny, artistic loft retreat – South Beach",757108,Chantal & Louie,,South of Market,37.78785664,-122.3932542,Entire home/apt,325,3,39,2/9/2018,0.78,2,161
242008,One Bedroom SOMA apartment,1270330,Jake,,South of Market,37.77498573,-122.4063493,Entire home/apt,160,3,41,3/18/2018,0.68,1,28
12024261,Incredible Luxury Modern SOMA,1346422,Ken,,South of Market,37.78215607,-122.3900347,Private room,125,2,87,3/21/2018,3.55,1,6
23842917,Modern Luxury Apartment w/ Great Amenities (FIDI),1721890,Mo,,South of Market,37.78688477,-122.3907981,Entire home/apt,299,1,0,,,1,56
23487746,"Modern, Convenient, Hotel-quality Loft",1844055,Moody,,South of Market,37.77450432,-122.4158318,Entire home/apt,150,10,0,,,1,0
22498418,SoMa Modern Guest Bedroom with Private Bath,1901931,Peiyu,,South of Market,37.7743718,-122.4141916,Private room,220,1,0,,,1,29
6591087,"Bedroom+bath, close to Moscone / Caltrain",2153391,Stephanie,,South of Market,37.77681134,-122.3971976,Private room,375,30,4,1/15/2016,0.12,2,0
2425185,SOMA Luxury Business Trip - Loft/Private Bath,2326625,Ro,,South of Market,37.77840833,-122.3982059,Private room,164,1,16,3/25/2018,1.99,2,2
20884259,Modern Apartment minutes from everything!,3852839,William,,South of Market,37.76690612,-122.398323,Entire home/apt,800,3,0,,,1,89
1356817,Modern SOMA Loft Room & Bathroom!,5203636,Alex,,South of Market,37.77772074,-122.4041097,Private room,159,2,134,4/5/2018,3.02,1,111
6336315,Edwardian Condo Centrally Located,5836827,Robert,,South of Market,37.77061533,-122.4213956,Entire home/apt,240,2,18,8/13/2017,1.82,1,0
23142556,Tastefully decorated luxury apartment,6139868,Tobias,,South of Market,37.77111225,-122.4041682,Entire home/apt,250,1,5,3/30/2018,3.75,1,10
6416247,"Private bed & bath - Luxurious, sunny & spacious",6169666,Andrew,,South of Market,37.77533862,-122.3921774,Private room,99,30,119,11/17/2017,3.46,2,89
7987618,"Private, Luxurious, clean+ spacious",6169666,Andrew,,South of Market,37.77485047,-122.390484,Private room,149,31,25,1/27/2018,1.1,2,87
23630604,Modern Luxurious Decor - Central Location!,6230497,Dani,,South of Market,37.77604901,-122.3942512,Private room,108,3,1,3/24/2018,1,2,66
7458945,Light and Airy loft in downtown SF,7599395,Robin,,South of Market,37.77888691,-122.4063812,Entire home/apt,300,1,35,2/3/2018,1.08,1,0
7644599,Master bedroom w/ in-suite bathroom,9630766,Clint,,South of Market,37.77558501,-122.4120875,Private room,125,30,5,9/22/2016,0.18,2,249
9971053,2 BR 2BA condo with great view of city,9630766,Clint,,South of Market,37.77568021,-122.4107634,Entire home/apt,325,30,26,12/7/2017,1.15,2,332
20873957,"Stylish, Luxurious SoMa Condo near Downtown, Union Square, and Moscone",10622144,Jefferson,,South of Market,37.77436373,-122.4063525,Entire home/apt,550,3,8,2/21/2018,1.32,3,211
2592518,Freshly Remodeled Two Bedroom Home,13272223,Daniel,,South of Market,37.77668716,-122.409271,Entire home/apt,333,2,152,3/17/2018,3.41,1,105
9882716,SoMa Garden Apartment,19912995,Donna,,South of Market,37.7742591,-122.4019178,Entire home/apt,275,2,143,3/24/2018,5.19,1,213
10235526,Dillonwood Loft - Perfect for Business Travelers,20992627,Lawrence,,South of Market,37.77910181,-122.4041266,Private room,179,3,35,3/28/2018,1.29,1,324
10103881,CONDO 2 BEDROOM AMAZING VIEWS!!,23918094,Nadine,,South of Market,37.78359751,-122.398621,Entire home/apt,339,31,13,11/4/2017,0.5,1,364
5318758,Market Street Guest Room,27550471,Michael,,South of Market,37.77254354,-122.4225466,Private room,99,2,93,3/26/2018,2.64,1,36
21976340,Modern SoMa Highrise,45542259,Melanie,,South of Market,37.77777991,-122.414692,Private room,240,2,22,3/26/2018,6.67,1,64
10596414,"Mid-Market: Modern, Convenient, Hotel-quality Loft",54673182,Bruce,,South of Market,37.77369044,-122.4151378,Entire home/apt,229,3,36,1/26/2018,1.9,1,0
21240231,"Stylish Roomy 1BR, Panoramic View, Superb Location",68109486,Patrick,,South of Market,37.77365474,-122.3967194,Shared room,179,30,10,1/31/2018,1.96,1,0
17225268,Bright & Modern  Loft w/ High Ceiling Downtown SF,116004419,Natalie,,South of Market,37.78129564,-122.4051197,Entire home/apt,525,2,43,4/2/2018,3.22,1,66
23577552,Luxury 2br 2br Apt in the ❤️ of San Francisco,128169944,Amy,,South of Market,37.7766594,-122.4161782,Entire home/apt,200,1,1,4/1/2018,1,3,10
20771964,Victorian 5 Beds SOMA housing.,147942981,Xianhui,,South of Market,37.77346553,-122.4111267,Private room,380,2,18,3/15/2018,2.62,1,25
22943630,Spacious and Sunny Loft Apt. in the Heart of SF,169911909,Ben,,South of Market,37.77117109,-122.4138789,Entire home/apt,240,2,5,3/26/2018,2.59,1,10
23667851,Downtown Modern 2B2B Top Floor City View,177214421,Morgan,,South of Market,37.77833331,-122.4145594,Entire home/apt,499,1,2,3/29/2018,2,1,262
23903648,The City Inn,179647800,Tania,,South of Market,37.77257288,-122.4088961,Private room,389,1,0,,,1,85
24037710,Beautiful Victorian Home in the Mission!,180924732,Deborah,,South of Market,37.77517289,-122.4186163,Entire home/apt,250,2,0,,,1,16
24098158,FANCY 3 PRIVATE BEDROOM IN SOMA / DOWNTOWN,181361223,Evan,,South of Market,37.77853495,-122.4082641,Private room,65,1,0,,,5,263
24085549,SUNNY 4 bedroom in SOMA Dream House! NEW,181361223,Evan,,South of Market,37.77846597,-122.4081975,Private room,180,1,0,,,5,146
9328077,Modern Minimalist Condo with Great City Views,653275,Annie,,Twin Peaks,37.75258506,-122.4449769,Entire home/apt,550,4,32,3/22/2018,1.48,1,7
4099682,Quiet Room/Bath Super easy transit!,6137750,Liz & Wolf,,Twin Peaks,37.75139557,-122.4441361,Private room,85,2,110,3/30/2018,2.54,1,31
1724819,Vistas & Zen above SF/ Twin Peaks,9091173,Natasha,,Twin Peaks,37.75859842,-122.4504904,Entire home/apt,350,3,199,3/30/2018,3.61,1,24
6289646,Former B&B ❤️ of San Francisco,23942099,Robert Stern &,,Twin Peaks,37.76100242,-122.4464536,Private room,150,2,12,11/9/2017,0.34,5,355
7729217,Modern (Two Beds & Private Bath),40614994,Glenn,,Twin Peaks,37.75736801,-122.4429501,Private room,125,1,144,3/29/2018,4.44,1,68
22572922,Panoramic Twin Peaks Condo 1bdrm/1bath,75592457,William,,Twin Peaks,37.74780689,-122.4455071,Private room,180,1,0,,,1,0
18182356,Best of SF: Luxe Studio (with parking spot),125461202,Dave,,Twin Peaks,37.75688774,-122.4509722,Entire home/apt,140,1,33,3/28/2018,2.74,1,139
20608059,"Bright, quiet getaway in the middle of SF.",147285118,Carol,,Twin Peaks,37.75395192,-122.4534394,Private room,65,1,21,3/26/2018,3.41,1,7
21963323,Twin Peaks Master Suite with City Skyline View,160339803,John,,Twin Peaks,37.7561196,-122.4452301,Private room,150,2,3,3/25/2018,0.93,1,16
21005685,Spacious room with hill views in a brand new house,617114,Vikram,,Visitacion Valley,37.71890882,-122.4028365,Private room,75,2,8,3/10/2018,1.23,3,8
14179246,SF studio-private apt close to transport & airport,1601019,Feli,,Visitacion Valley,37.72090508,-122.4024457,Private room,99,1,83,3/20/2018,4.03,2,305
311259,SF cottage- street parking & close to airport,1601019,Feli,,Visitacion Valley,37.71844865,-122.3997362,Entire home/apt,120,1,342,3/12/2018,4.6,2,0
23790057,Fantastic Brand new 2017 entire House 5bd/3br,4809876,Jer,,Visitacion Valley,37.70819956,-122.4141089,Entire home/apt,499,2,2,3/28/2018,2,1,313
1925206,Bedroom Suite with attached Private Bathroom,9971829,Joshua,,Visitacion Valley,37.7219829,-122.4075767,Private room,129,1,62,4/6/2018,3.41,1,342
8048653,Master Room in Luxury Apartment,11886896,Emanuel,,Visitacion Valley,37.71298769,-122.4001699,Private room,100,2,114,3/5/2018,3.62,4,48
7922690,Spacious Room in Luxury Home,11886896,Emanuel,,Visitacion Valley,37.71143277,-122.4005733,Private room,100,2,179,3/17/2018,5.65,4,58
10774057,Cozy private room with private tub,27185283,Tony & Kerry,,Visitacion Valley,37.70616257,-122.4098422,Private room,88,1,95,3/25/2018,3.61,1,359
10756322,Spacious Bright Large Living Space w Many Beds,31448877,Henry,,Visitacion Valley,37.70714178,-122.4176821,Entire home/apt,300,1,70,3/30/2018,2.73,3,133
13736000,"Views, Natural Light & Location",56427435,Tommyg118,,Visitacion Valley,37.71724448,-122.4051344,Entire home/apt,185,30,30,2/27/2018,1.46,1,175
20308567,Clean Cozy Simple | Studio w/ Kitchenette,110241852,Angie,,Visitacion Valley,37.70478303,-122.4170794,Entire home/apt,80,1,45,4/5/2018,8.6,3,117
19707371,"Bright Spacious 3BD w New Bathrooms, Near Freeways",118436227,Jason,,Visitacion Valley,37.70817063,-122.4165812,Entire home/apt,250,1,54,4/1/2018,6.18,6,126
23169765,Large Bedrooms Great for Family & Business Trips,118436227,Jason,,Visitacion Valley,37.70712588,-122.4182215,Entire home/apt,160,1,3,3/27/2018,3,6,2
18488346,Beautiful Garden Suite on McLaren Park,128275237,Kevin,,Visitacion Valley,37.71249947,-122.4156102,Private room,125,1,48,4/4/2018,4.32,2,26
20156650,Private Bedroom & Bathroom across from Cow Palace,143432567,Kenny,,Visitacion Valley,37.70990852,-122.4196611,Private room,90,1,32,3/25/2018,3.86,1,348
20852099,New Comfy Guest Suite 1BR/1BA (C),149498560,Jean,,Visitacion Valley,37.71452479,-122.4065795,Entire home/apt,85,1,57,4/2/2018,8.59,4,23
22296862,Spacious Family Friendly Home in Portola!,162975652,Michael,,Visitacion Valley,37.7220423,-122.4017634,Entire home/apt,199,2,5,2/25/2018,1.56,1,75
845502,Historic SF Victorian,24215,Rosy,,Western Addition,37.77444138,-122.4367246,Entire home/apt,575,5,3,9/18/2014,0.06,2,89
26408,Huge Central Victorian/Alamo Square,111141,Isabella,,Western Addition,37.77477848,-122.4314987,Entire home/apt,393,4,26,11/9/2017,0.32,1,16
18199513,Charming Victorian in the heart of Hayes Valley,112395,Erin,,Western Addition,37.77674561,-122.4230374,Entire home/apt,225,4,33,3/31/2018,3.02,1,36
3870174,Alamo Square w King Bed or 2 TwinXL,180342,Jack & Jason,,Western Addition,37.77814882,-122.4369693,Private room,99,2,129,3/22/2018,3.13,2,243
12546418,Comfortable & Spacious Apartment - Prime Location,191813,David,,Western Addition,37.78554705,-122.4458824,Private room,135,2,96,3/23/2018,4.2,1,37
11842522,Victorian flat with back garden,344875,Aaron,,Western Addition,37.77417638,-122.4319556,Entire home/apt,159,2,16,11/25/2017,1.4,1,0
83257,Charming Lower Pac Hts Private Room,453743,Kimberly,,Western Addition,37.78528002,-122.4435815,Private room,90,1,73,10/9/2017,0.87,1,280
20331337,"Quiet, minimalist guest room in playful home.",576134,Brian,,Western Addition,37.77248576,-122.435431,Private room,100,2,1,10/5/2017,0.16,1,0
275464,"5 BDS, Parking, Mini Artist Loft!",1110789,Np,,Western Addition,37.78083642,-122.4410859,Entire home/apt,135,5,93,3/25/2018,1.33,2,200
3283447,Modern Artist's Lofts/Hayes Valley,1118993,Mariel & Alberto,,Western Addition,37.77283146,-122.429882,Private room,128,2,187,4/1/2018,4.87,1,352
4777677,Cozy Lower Pac Heights Apartment,1539772,Brian,,Western Addition,37.78498336,-122.4446912,Private room,295,1,0,,,1,0
1153827,Trendy NOPA 2BD flat with parking,1665695,Mindi,,Western Addition,37.7819511,-122.4467099,Entire home/apt,245,1,165,11/14/2015,2.8,1,223
4052091,Luxurious Guest Room & Bath,1792703,Tom & Beth,,Western Addition,37.78038786,-122.433154,Private room,165,2,90,3/23/2018,2.08,2,329
1682072,Large Remodeled Flat with Parking,1886352,Yelena,,Western Addition,37.782775,-122.4431321,Entire home/apt,175,2,81,4/3/2018,1.49,1,13
2756856,"Charming neighborhood, Central to everything!",1924599,Jay,,Western Addition,37.78718832,-122.4303328,Private room,99,1,313,3/22/2018,6.46,2,149
423063,"Modern, comfy home in NOPA/Haight!",2103856,Ariel,,Western Addition,37.77044206,-122.435987,Entire home/apt,249,3,59,3/29/2018,0.83,1,309
8869806,Large Updated San Francisco Home,2113363,Nathan,,Western Addition,37.77221271,-122.4323589,Entire home/apt,155,2,29,4/2/2018,1.01,2,0
8276309,Restored Lower Haight Edwardian,2113363,Nathan,,Western Addition,37.77190557,-122.4322628,Private room,95,1,86,2/21/2018,2.77,2,56
2202505,Painted Ladies’ Victorian Cousin,2134483,Amanda,,Western Addition,37.77714678,-122.4418177,Entire home/apt,399,2,27,2/18/2018,0.53,1,8
10616330,Master bedroom in stunning Victorian penthouse,2178251,Daniel,,Western Addition,37.7704586,-122.4288792,Private room,800,14,1,10/6/2016,0.05,3,0
10835637,Courtyard Room in Beautiful Victorian,2513762,Trey,,Western Addition,37.77230849,-122.4241085,Private room,105,2,118,3/28/2018,4.52,3,255
593253,Stylish Lower Haight Victorian Room,2929255,Trevor,,Western Addition,37.77023074,-122.4295697,Private room,95,2,235,4/2/2018,3.38,2,221
8172628,Quiet & Cozy Victorian-Alamo Square,3022475,Susan,,Western Addition,37.7785598,-122.4363252,Private room,140,3,23,4/5/2018,0.73,3,48
1317908,"Cozy Victorian, Hip Alamo Sq Area!",3022475,Susan,,Western Addition,37.78292515,-122.4342712,Private room,90,3,71,3/31/2018,1.26,3,62
7417050,Cozy Japantown Studio,3672332,Alex,,Western Addition,37.7875997,-122.4266388,Entire home/apt,130,1,34,3/4/2018,1.06,1,0
11377740,Upscale SF home w/parking — long-term discount!,4348678,Alec,,Western Addition,37.78552051,-122.4453776,Entire home/apt,135,31,1,12/12/2017,0.26,1,210
2081536,Sun-filled flat in the Haight,4389720,Elliot,,Western Addition,37.77351846,-122.4344405,Private room,65,4,33,2/24/2018,0.85,3,0
17826404,Remodeled studio on hottest SF neighborhood!,5053610,Lucia,,Western Addition,37.77651786,-122.4375529,Entire home/apt,99,30,6,2/9/2018,0.74,1,156
2031532,Alamo Square room and private bath,5126361,Elena,,Western Addition,37.77796635,-122.4379181,Private room,130,3,26,3/23/2018,0.59,1,34
5852066,Private Room With Private Bathroom at Alamo Square,5138559,Paul,,Western Addition,37.77709667,-122.4376264,Private room,125,2,122,3/22/2018,3.39,2,12
968852,Haight Victorian Bright Living Room,5160351,Cai,,Western Addition,37.77111704,-122.4336411,Private room,100,1,13,2/25/2018,0.22,2,345
22281125,In the heart of San Francisco!,5215637,Kristina,,Western Addition,37.78617794,-122.4322818,Entire home/apt,129,3,3,3/28/2018,2.31,1,23
1178281,Elegant 2Bdrm Top Flr -Alamo Square,5339076,Silvia,,Western Addition,37.77766367,-122.4343714,Entire home/apt,325,2,56,1/14/2018,0.94,1,37
1520790,Charming Victorian in NoPa,5410239,Leslie,,Western Addition,37.7771239,-122.4421546,Entire home/apt,185,3,23,2/28/2018,0.42,1,16
2362619,Cozy and quiet 1 BD in NoPa,5753603,Rahul,,Western Addition,37.77920331,-122.4458449,Entire home/apt,185,3,60,3/24/2018,1.19,1,0
16215634,2 bdrm/2 bath in NEW bldg - Lower Pac Heights!,5787401,Danica,,Western Addition,37.78488124,-122.4398225,Entire home/apt,400,3,2,3/25/2018,1.05,1,0
1273709,1BD Apt in Trendy NBRHD Cat Lover,6494531,Nicole,,Western Addition,37.76992366,-122.4305465,Entire home/apt,135,10,15,11/1/2017,0.26,1,0
2742151,Spacious 2BR 1BA in SHARED House,7131736,Stacie,,Western Addition,37.77802946,-122.443078,Entire home/apt,240,3,62,3/24/2018,1.31,1,279
1520938,Charming Sunny 2B Apartment in NOPA,7761707,Jonathan & Jeannette,,Western Addition,37.77882134,-122.4422938,Entire home/apt,149,30,57,12/10/2017,1.04,1,0
1471683,Artful Comforts in the Lower Haight,7879719,Billy,,Western Addition,37.77041707,-122.4285574,Private room,125,2,322,3/31/2018,5.74,1,268
1596696,Beautiful Garden Cottage,8513389,Jorge & Nicolas,,Western Addition,37.78024112,-122.4434522,Entire home/apt,160,2,204,4/1/2018,3.66,1,21
4100473,Large Alamo Square One Bedroom apt,8860167,William,,Western Addition,37.77649156,-122.4367225,Entire home/apt,135,3,36,3/10/2018,0.89,1,224
7900944,Modern Loft near Alamo Square Park,9033653,Dan,,Western Addition,37.78009086,-122.4373263,Private room,129,1,31,3/26/2018,0.96,1,63
4330861,2 Bedroom Victorian in NOPA,9836166,Kacie,,Western Addition,37.77656695,-122.4455107,Entire home/apt,280,5,20,2/19/2018,0.5,1,58
2077982,NOPA garden apartment,10501924,Karen,,Western Addition,37.77818644,-122.439691,Entire home/apt,145,5,114,3/28/2018,2.18,5,162
14840923,"Gorgeous, recently renovated apt in vibrant NOPA!",12198674,Joscelyn,,Western Addition,37.7779774,-122.4428358,Entire home/apt,239,3,3,10/31/2017,0.5,1,0
2532756,Great Big Bedroom with big closet!!,12356972,J.R.,,Western Addition,37.78752887,-122.4401812,Private room,75,30,18,9/28/2015,0.37,1,243
18413609,PRIVATE VICTORIAN DREAM HOUSE W/ PARKING,14757827,Patricia & Pepijn,,Western Addition,37.77739951,-122.4427763,Entire home/apt,850,3,6,4/5/2018,0.55,2,174
21530578,Bright 2nd BR in Heart of SF nr Alamo Sq & Castro,15293495,Charlie,,Western Addition,37.77347035,-122.431193,Private room,95,2,24,3/29/2018,4.74,2,40
3200431,City of San Francisco: City of Love,15357373,Ding,,Western Addition,37.77702641,-122.4454054,Private room,150,3,12,3/24/2018,0.26,4,113
21634930,1BR in large 3BR/2BA house (Western Addition),17965378,Danh,,Western Addition,37.78290882,-122.4309735,Private room,100,2,1,11/10/2017,0.2,1,0
3591813,"Stylish, large 2bd by Alamo Square",18094294,Nicole,,Western Addition,37.77445487,-122.4372908,Entire home/apt,300,30,19,12/9/2017,0.43,1,267
4897595,Bedroom & Private Bath in SF City.,18123914,Gene,,Western Addition,37.78280032,-122.4322103,Private room,95,30,27,10/15/2017,0.72,1,365
3611131,Centrally located in SF & Cozy!,18196029,Mylinh,,Western Addition,37.77826894,-122.4396603,Entire home/apt,133,3,160,3/9/2018,3.55,1,46
6364873,Hayes Valley Victorian apartment,28786427,Antoine,,Western Addition,37.77259641,-122.4281421,Entire home/apt,248,7,3,7/1/2017,0.09,1,0
8889145,"Clean, quiet, & centrally located",32828946,Anne,,Western Addition,37.77872131,-122.4418654,Private room,103,1,44,2/24/2018,1.62,1,0
21634888,1 BR 1BA apartment by Painted Ladies w/PARKING,32940115,Steven,,Western Addition,37.77675898,-122.4306052,Entire home/apt,200,1,4,1/7/2018,0.81,1,0
6372358,Pretty Studio in Lower Pac Heights,33206638,Deb,,Western Addition,37.78729986,-122.4290838,Entire home/apt,160,3,105,3/18/2018,3.01,1,88
7369364,San Francisco Living - Summer 2018: MONTHLY Only,37842000,Sophia,,Western Addition,37.78810561,-122.4383882,Private room,110,1,103,3/19/2018,3.24,6,177
7329845,Little room BIG heart,37842000,Sophia,,Western Addition,37.78584894,-122.4403421,Private room,94,1,103,3/31/2018,3.22,6,273
20096735,"Centrally located, quiet 1BD apartment",38307539,Tess,,Western Addition,37.77468775,-122.4333904,Entire home/apt,220,30,4,12/28/2017,0.66,1,31
10689539,SF Guest Room Near Fillmore District,41512875,Kim,,Western Addition,37.78258692,-122.4410918,Private room,139,2,183,3/23/2018,6.85,3,307
9172460,Deluxe Working Artist's Loft,47733748,Cathleen,,Western Addition,37.78329391,-122.4451754,Entire home/apt,294,6,29,3/30/2018,0.98,2,306
9462355,"Off-Site/Flat, Top Fl. Alamo Square",48972017,Judy,,Western Addition,37.77658134,-122.4366317,Entire home/apt,900,1,6,3/22/2018,0.28,2,340
19694250,Victorian Condo with Mid Century Modern Style,49574964,Matt,,Western Addition,37.77120592,-122.4326579,Entire home/apt,350,3,5,9/22/2017,0.66,1,0
20030972,Stay in a Famous Painted Lady!,54208249,Côme,,Western Addition,37.77622014,-122.4334485,Entire home/apt,450,1,1,3/21/2018,1,1,203
17893425,Private Garden Room in Presidio Heights,67684779,Leslie,,Western Addition,37.78268926,-122.4435763,Private room,110,2,19,11/8/2017,1.58,1,0
21756721,★Sunny & Modern Home & Free Garage Parking★,69905180,Blaine,,Western Addition,37.78530279,-122.4423707,Entire home/apt,275,2,12,3/30/2018,6.21,1,139
15929904,Beautiful 2 Bedrooms in a Victorian house,70007282,Marguerite,,Western Addition,37.77894659,-122.440143,Entire home/apt,350,2,60,4/3/2018,3.57,3,215
23485966,Painted lady house,70007282,Marguerite,,Western Addition,37.77863557,-122.4382048,Entire home/apt,550,2,2,3/24/2018,2,3,19
16017300,Beautiful 3Bedrooms &livingroom in Victorian House,70007282,Marguerite,,Western Addition,37.77714156,-122.4396255,Entire home/apt,450,2,2,3/11/2018,0.62,3,215
15400940,Brand New Luxury Hayes Valley Condo,94538124,Viktor,,Western Addition,37.77727294,-122.4247409,Entire home/apt,199,30,24,3/17/2017,1.32,1,0
19437156,Historic 2BR Gem in the Heart of SF,117348356,Whitney,,Western Addition,37.7800864,-122.4414062,Entire home/apt,149,30,29,3/8/2018,3.15,1,277
18705743,"A nice cozy room near Alamo Square, with a tree",130021995,Barbara,,Western Addition,37.77878503,-122.4305685,Private room,99,3,31,3/24/2018,2.98,3,157
18703571,Sunny LARGE room in Alamo Square/Hayes Valley,130021995,Barbara,,Western Addition,37.77934079,-122.4305376,Private room,145,3,27,3/22/2018,2.49,3,154
23686996,"Great View, Private Bath, Steps from Alamo Square",152980706,Jon & Abbey,,Western Addition,37.77808169,-122.4370768,Private room,175,3,3,3/27/2018,3,2,7
21345486,"Bright & Sunny Apt, Centrally Located, Sleeps 4!",153835489,Maggie,,Western Addition,37.76995355,-122.4336478,Entire home/apt,200,30,18,2/14/2018,3.29,2,66
21327908,Beautiful Victorian Suite in the Heart of the City,154400045,Kirk,,Western Addition,37.77287338,-122.4366616,Private room,150,1,4,3/31/2018,1.24,3,170
23763871,Petite Queen,160591574,Jack,,Western Addition,37.78549046,-122.44595,Private room,349,1,0,,,3,231
22151304,Private Room Very Small - Great Location,161765721,David,,Western Addition,37.76977627,-122.4321318,Private room,69,3,5,3/28/2018,3.13,3,4
719431,"Garden suite, quiet area by subway",783438,Phil,,West of Twin Peaks,37.74027972,-122.4688499,Entire home/apt,79,5,228,3/21/2018,3.43,3,74
7930461,Modern suite with private entrance & bathroom,900661,Justine,,West of Twin Peaks,37.74117008,-122.4635006,Private room,109,2,124,3/25/2018,3.9,1,24
17723975,Lovely view home atop San Francisco,1934331,Elaine,,West of Twin Peaks,37.73620908,-122.4521601,Private room,125,3,2,7/30/2017,0.16,1,0
17979286,Cozy Studio with Garden 20 minutes from SFO,7198062,Georgina,,West of Twin Peaks,37.73230384,-122.4601794,Entire home/apt,144,2,41,3/29/2018,3.38,1,257
1392204,HISTORIC HOME Large Pvt Bedroom(s) & Bath PARKING,7526456,Dee,,West of Twin Peaks,37.73350752,-122.4605661,Private room,129,2,167,3/27/2018,2.92,2,330
4607282,SF 2 BDR 1.5 bath Apartment w/Ocean Views parking,7895922,Rich And Rose,,West of Twin Peaks,37.72944484,-122.4647545,Entire home/apt,275,2,10,3/17/2018,0.28,2,316
2139562,PARADISE AT SAN FRANCISCO,8037793,Becky,,West of Twin Peaks,37.72925084,-122.4589566,Private room,195,5,97,3/30/2018,2.14,1,229
2154122,House suitable for business and family travelers,10992775,George,,West of Twin Peaks,37.73643806,-122.4566581,Entire home/apt,450,3,15,6/10/2017,0.3,1,295
2387068,"Quiet Neighborhood, Convenient, Street parking",12192591,Peg,,West of Twin Peaks,37.72642728,-122.4617544,Private room,80,2,54,3/24/2018,1.1,1,198
4855194,BR+Private Bath in Artsy Sanctuary❣,12849180,Sahar,,West of Twin Peaks,37.74559336,-122.4525674,Private room,100,30,26,1/7/2018,0.66,4,289
15985008,Modern garden-view studio apartment w/free parking,13303946,Satish,,West of Twin Peaks,37.74070023,-122.4517997,Entire home/apt,147,2,80,3/30/2018,4.96,1,85
17603219,"Modern Home w/ VIEWS of twin peaks, DT and bay!",14281063,Anita,,West of Twin Peaks,37.73825959,-122.4437219,Entire home/apt,350,3,5,4/1/2018,0.54,1,38
21457958,Perfect family-friendly home for exploring SF,16089815,Colby,,West of Twin Peaks,37.7426697,-122.450866,Entire home/apt,400,4,1,1/2/2018,0.31,1,0
8472927,Spacious charming 1 bedroom suite!,28932312,Liliya And Alexander,,West of Twin Peaks,37.72799688,-122.4616214,Entire home/apt,144,4,43,3/30/2018,1.49,2,49
15051965,Designers' Garden Retreat,56666480,Bassel,,West of Twin Peaks,37.74324823,-122.4690588,Entire home/apt,125,2,80,3/29/2018,4.24,1,268
18473152,San Francis Wood Hidden Jewel.,59100474,Natasha,,West of Twin Peaks,37.73664702,-122.4618788,Private room,171,2,1,2/17/2018,0.6,2,357
14841442,"Private room(Green)near CCSF, easy parking, quiet.",86083871,Kina,,West of Twin Peaks,37.72785497,-122.4579085,Private room,58,30,11,1/31/2018,0.57,4,280
14726839,"Perfect Room near CCSF, easy parking, quiet, cozy.",86083871,Kina,,West of Twin Peaks,37.72728102,-122.4580483,Private room,63,30,13,11/4/2017,0.66,4,363
18777731,Charming Sherwood Forest Private Apt,110244260,Ramzi,,West of Twin Peaks,37.73735828,-122.4612478,Entire home/apt,225,2,21,3/23/2018,2.01,1,251
22584903,The Hommie 1,125180594,Kim,,West of Twin Peaks,37.74266001,-122.4685381,Private room,95,1,16,3/31/2018,5.52,2,269
24162308,Luxurious Master Suite near Twin Peaks (A),182094256,Eric,,West of Twin Peaks,37.74542727,-122.4578266,Private room,105,3,0,,,4,14
